500 500
1 2 142
1 3 70
1 4 133
2 5 493
2 6 6
6 7 9
4 8 213
1 9 387
1 10 352
8 11 276
11 12 333
8 13 397
13 14 166
14 15 322
2 16 137
2 17 431
1 18 240
11 19 353
7 20 216
16 21 1
9 22 156
8 23 150
14 24 156
9 25 286
2 26 31
23 27 260
23 28 224
14 29 330
9 30 491
19 31 32
8 32 280
9 33 245
30 34 431
16 35 232
30 36 19
7 37 1
22 38 466
29 39 357
5 40 53
39 41 62
15 42 50
3 43 5
42 44 111
44 45 310
10 46 299
25 47 40
17 48 197
44 49 110
28 50 203
9 51 101
50 52 63
22 53 229
2 54 347
17 55 471
44 56 231
35 57 412
28 58 491
18 59 482
44 60 44
28 61 269
55 62 271
48 63 218
31 64 7
9 65 217
33 66 39
3 67 457
59 68 109
41 69 354
30 70 103
33 71 241
32 72 310
49 73 216
25 74 274
9 75 3
54 76 312
74 77 109
43 78 298
7 79 175
3 80 264
36 81 182
55 82 316
24 83 161
46 84 181
1 85 186
27 86 323
46 87 206
78 88 86
34 89 193
81 90 314
8 91 270
5 92 454
19 93 254
75 94 159
2 95 120
49 96 128
24 97 318
68 98 162
50 99 110
84 100 491
75 101 277
8 102 177
67 103 328
40 104 434
88 105 37
68 106 89
9 107 151
72 108 362
70 109 131
32 110 436
94 111 6
31 112 429
19 113 153
28 114 329
98 115 23
81 116 56
77 117 29
99 118 104
37 119 371
34 120 126
85 121 473
40 122 420
53 123 409
50 124 164
96 125 261
104 126 362
51 127 309
96 128 34
75 129 221
128 130 266
33 131 439
8 132 176
117 133 199
125 134 21
134 135 151
22 136 260
4 137 481
68 138 439
115 139 294
100 140 278
45 141 465
121 142 260
44 143 335
86 144 87
4 145 301
82 146 197
102 147 382
81 148 318
125 149 406
42 150 367
52 151 438
11 152 235
92 153 87
35 154 260
31 155 84
63 156 148
122 157 207
122 158 314
85 159 53
145 160 278
18 161 96
5 162 23
150 163 357
128 164 433
138 165 195
62 166 493
56 167 185
15 168 245
109 169 51
137 170 13
170 171 282
164 172 48
122 173 477
125 174 403
47 175 379
46 176 98
24 177 190
18 178 92
128 179 425
15 180 350
158 181 423
62 182 471
118 183 446
128 184 53
92 185 3
104 186 191
115 187 461
159 188 55
155 189 444
81 190 146
135 191 382
126 192 14
191 193 95
166 194 269
99 195 189
140 196 121
145 197 395
88 198 1
29 199 350
72 200 217
142 201 399
164 202 463
136 203 77
80 204 320
4 205 54
172 206 267
7 207 365
167 208 48
41 209 404
99 210 384
194 211 73
70 212 303
160 213 252
184 214 288
208 215 298
51 216 229
70 217 170
5 218 233
98 219 44
55 220 319
203 221 484
86 222 286
210 223 38
202 224 331
58 225 326
167 226 104
39 227 228
50 228 75
111 229 292
84 230 215
189 231 54
230 232 399
124 233 469
207 234 94
213 235 313
142 236 199
60 237 171
97 238 48
213 239 79
214 240 162
179 241 389
107 242 99
58 243 40
191 244 375
20 245 452
162 246 261
22 247 301
32 248 331
74 249 496
102 250 30
49 251 91
102 252 112
250 253 183
109 254 96
191 255 19
86 256 281
113 257 89
242 258 259
240 259 423
77 260 64
168 261 270
96 262 492
247 263 478
137 264 436
263 265 28
174 266 418
252 267 95
20 268 459
143 269 200
9 270 281
1 271 286
2 272 107
188 273 286
224 274 272
169 275 441
185 276 73
190 277 255
225 278 111
226 279 262
231 280 107
19 281 329
201 282 114
185 283 206
258 284 499
263 285 92
229 286 125
17 287 144
229 288 177
199 289 184
181 290 321
95 291 158
169 292 14
220 293 447
104 294 309
142 295 477
53 296 73
245 297 460
121 298 117
56 299 479
238 300 205
12 301 413
93 302 191
116 303 80
219 304 495
93 305 49
305 306 368
4 307 327
69 308 329
139 309 168
255 310 51
285 311 411
185 312 157
263 313 362
92 314 463
182 315 85
27 316 471
276 317 347
302 318 121
158 319 399
96 320 361
33 321 420
82 322 497
248 323 305
216 324 397
161 325 490
181 326 166
48 327 427
7 328 76
20 329 358
74 330 327
103 331 401
292 332 1
272 333 55
327 334 458
14 335 213
287 336 9
216 337 78
140 338 134
24 339 209
322 340 373
66 341 408
141 342 455
94 343 461
210 344 188
245 345 156
80 346 93
21 347 285
85 348 211
303 349 381
13 350 368
137 351 58
255 352 484
127 353 108
339 354 278
16 355 105
330 356 150
38 357 45
45 358 494
166 359 107
269 360 385
212 361 336
6 362 306
67 363 311
224 364 93
250 365 118
200 366 289
109 367 151
253 368 197
232 369 136
363 370 309
62 371 53
356 372 140
90 373 123
151 374 345
154 375 248
111 376 57
17 377 470
358 378 311
246 379 1
53 380 208
56 381 283
100 382 102
115 383 70
93 384 20
24 385 182
376 386 373
304 387 369
275 388 193
346 389 88
372 390 248
149 391 394
236 392 351
187 393 215
156 394 85
172 395 477
97 396 74
356 397 331
235 398 49
69 399 435
365 400 111
148 401 25
271 402 253
78 403 395
45 404 104
288 405 283
129 406 420
2 407 16
319 408 216
146 409 94
220 410 259
382 411 205
157 412 375
228 413 236
114 414 252
349 415 361
121 416 96
172 417 96
13 418 194
262 419 257
393 420 405
186 421 133
285 422 140
161 423 87
173 424 263
51 425 408
405 426 63
354 427 308
315 428 238
59 429 45
189 430 353
265 431 494
95 432 196
405 433 61
334 434 247
422 435 145
151 436 430
364 437 134
307 438 218
415 439 127
387 440 99
421 441 48
149 442 287
14 443 194
314 444 383
383 445 4
359 446 15
316 447 375
213 448 209
208 449 154
34 450 399
315 451 466
70 452 295
324 453 178
322 454 227
235 455 332
128 456 30
67 457 381
163 458 206
325 459 397
239 460 426
56 461 160
16 462 200
329 463 344
421 464 213
406 465 402
322 466 221
91 467 128
208 468 287
268 469 206
48 470 344
11 471 154
321 472 365
417 473 479
154 474 498
294 475 186
175 476 23
440 477 326
123 478 459
345 479 139
42 480 363
294 481 390
12 482 209
399 483 50
220 484 216
439 485 161
465 486 382
53 487 96
209 488 86
104 489 327
257 490 377
333 491 276
59 492 451
364 493 28
120 494 125
462 495 196
462 496 199
133 497 316
221 498 169
382 499 161
371 500 485
133 474 313
