500 500
1 2 298
1 3 147
1 4 154
2 5 111
2 6 309
1 7 204
1 8 267
6 9 149
3 10 324
5 11 499
8 12 306
1 13 386
9 14 72
8 15 255
15 16 401
8 17 210
1 18 104
1 19 208
9 20 404
15 21 47
10 22 413
12 23 235
5 24 121
3 25 281
18 26 59
2 27 482
10 28 140
24 29 482
26 30 458
28 31 217
24 32 295
10 33 53
28 34 477
6 35 212
6 36 382
32 37 322
11 38 327
9 39 432
14 40 310
9 41 292
21 42 96
35 43 180
5 44 31
24 45 25
18 46 91
7 47 279
20 48 164
4 49 2
34 50 370
25 51 294
35 52 402
34 53 421
14 54 380
24 55 280
26 56 405
24 57 488
47 58 2
38 59 196
40 60 353
50 61 294
56 62 147
56 63 485
63 64 361
41 65 229
63 66 268
49 67 200
61 68 77
50 69 295
3 70 76
62 71 122
49 72 197
68 73 296
15 74 44
20 75 4
8 76 186
28 77 352
36 78 86
13 79 375
44 80 292
70 81 281
34 82 443
42 83 345
82 84 49
3 85 96
44 86 283
84 87 377
50 88 442
41 89 3
71 90 293
71 91 155
91 92 353
30 93 396
60 94 105
88 95 45
88 96 68
15 97 228
92 98 131
35 99 200
21 100 212
88 101 496
100 102 471
85 103 305
97 104 119
76 105 100
105 106 468
76 107 396
100 108 417
45 109 21
57 110 116
71 111 58
104 112 35
83 113 73
60 114 473
20 115 28
76 116 234
92 117 489
90 118 421
90 119 209
8 120 355
70 121 112
14 122 494
51 123 13
87 124 225
23 125 420
62 126 66
8 127 291
99 128 129
127 129 65
17 130 212
52 131 127
18 132 398
92 133 309
22 134 371
67 135 214
41 136 490
118 137 397
105 138 351
134 139 306
106 140 159
113 141 342
30 142 91
105 143 467
47 144 269
94 145 219
101 146 453
55 147 315
1 148 274
5 149 285
76 150 116
33 151 167
35 152 400
111 153 26
5 154 450
116 155 278
42 156 23
142 157 231
26 158 199
4 159 380
37 160 166
68 161 466
111 162 417
15 163 344
75 164 405
53 165 386
135 166 489
42 167 339
142 168 338
126 169 252
68 170 437
72 171 190
152 172 208
14 173 105
31 174 105
7 175 413
89 176 457
4 177 41
100 178 337
35 179 485
31 180 333
19 181 187
53 182 401
8 183 4
121 184 500
63 185 384
36 186 250
155 187 265
93 188 258
63 189 379
35 190 244
78 191 77
129 192 9
143 193 345
42 194 302
91 195 282
95 196 355
25 197 16
143 198 366
6 199 143
135 200 390
135 201 497
117 202 137
46 203 192
85 204 30
169 205 431
137 206 240
79 207 361
52 208 372
187 209 86
23 210 237
131 211 236
46 212 50
68 213 82
24 214 422
108 215 276
105 216 232
121 217 274
75 218 30
8 219 205
29 220 250
3 221 419
25 222 232
69 223 179
110 224 56
105 225 133
40 226 29
193 227 222
147 228 326
133 229 12
229 230 314
226 231 24
44 232 77
101 233 94
212 234 380
77 235 243
165 236 252
18 237 260
157 238 395
119 239 336
157 240 286
22 241 253
153 242 70
55 243 350
100 244 101
79 245 331
221 246 370
77 247 100
121 248 93
196 249 82
188 250 40
66 251 193
91 252 207
104 253 433
230 254 481
199 255 492
32 256 445
156 257 447
239 258 224
134 259 154
58 260 368
149 261 391
165 262 11
1 263 449
154 264 420
130 265 387
238 266 282
117 267 329
248 268 70
117 269 214
137 270 318
139 271 451
221 272 370
163 273 423
147 274 108
49 275 177
205 276 273
49 277 414
174 278 141
74 279 389
118 280 472
221 281 38
78 282 137
178 283 450
195 284 477
29 285 476
153 286 360
286 287 13
156 288 201
114 289 476
167 290 170
28 291 77
217 292 98
272 293 493
207 294 305
276 295 270
101 296 60
264 297 479
228 298 310
101 299 136
108 300 266
75 301 16
35 302 117
142 303 297
243 304 337
176 305 220
99 306 224
114 307 23
299 308 31
68 309 237
141 310 222
123 311 454
131 312 465
148 313 394
297 314 177
202 315 59
262 316 125
195 317 221
192 318 302
123 319 331
316 320 19
261 321 291
218 322 306
241 323 382
282 324 112
227 325 434
8 326 322
150 327 375
129 328 153
253 329 439
250 330 441
98 331 494
287 332 199
223 333 338
40 334 307
65 335 439
34 336 497
133 337 341
97 338 417
34 339 492
281 340 141
298 341 346
148 342 207
20 343 272
279 344 390
2 345 277
27 346 56
26 347 231
309 348 421
232 349 358
91 350 14
143 351 333
44 352 320
119 353 227
303 354 219
184 355 394
143 356 53
237 357 341
168 358 185
293 359 414
327 360 447
99 361 87
179 362 462
22 363 415
83 364 168
53 365 452
331 366 189
246 367 65
147 368 332
320 369 15
228 370 157
303 371 86
41 372 130
336 373 305
66 374 363
143 375 214
282 376 75
63 377 432
133 378 222
344 379 182
109 380 195
290 381 250
285 382 404
52 383 170
213 384 36
32 385 497
224 386 66
197 387 333
157 388 4
87 389 10
192 390 123
182 391 195
167 392 37
75 393 153
185 394 204
282 395 212
208 396 254
182 397 188
30 398 465
189 399 309
116 400 337
260 401 215
187 402 491
271 403 441
25 404 423
285 405 405
5 406 321
234 407 135
315 408 63
320 409 488
329 410 103
24 411 63
227 412 321
177 413 222
257 414 134
138 415 159
83 416 172
124 417 173
221 418 7
314 419 221
297 420 121
115 421 177
368 422 108
253 423 244
3 424 22
313 425 358
408 426 233
209 427 374
143 428 251
387 429 202
196 430 490
140 431 263
91 432 5
426 433 412
275 434 183
404 435 338
202 436 132
251 437 372
368 438 430
76 439 68
414 440 223
290 441 87
227 442 386
393 443 288
224 444 492
426 445 173
392 446 339
271 447 322
185 448 425
178 449 291
274 450 158
1 451 80
77 452 247
288 453 467
69 454 436
253 455 210
98 456 213
252 457 492
296 458 42
295 459 106
381 460 86
2 461 69
300 462 440
418 463 320
344 464 495
198 465 485
345 466 417
3 467 29
48 468 173
220 469 500
283 470 415
323 471 311
126 472 177
400 473 454
208 474 270
143 475 39
333 476 174
144 477 98
337 478 273
69 479 345
61 480 142
40 481 375
286 482 221
157 483 396
109 484 364
394 485 87
134 486 96
356 487 484
295 488 177
447 489 46
184 490 465
186 491 434
467 492 274
41 493 72
52 494 253
302 495 246
78 496 418
292 497 53
117 498 461
348 499 262
212 500 365
319 451 468
