500 500
1 2 60
1 3 481
2 4 360
4 5 323
2 6 284
1 7 128
6 8 162
4 9 78
6 10 96
1 11 391
1 12 455
8 13 351
7 14 303
14 15 224
15 16 47
5 17 391
7 18 477
12 19 162
2 20 48
6 21 340
14 22 186
7 23 410
1 24 392
4 25 361
8 26 382
19 27 163
13 28 147
22 29 75
13 30 435
30 31 362
13 32 82
25 33 256
8 34 41
2 35 116
7 36 202
34 37 459
23 38 294
17 39 193
33 40 109
8 41 71
27 42 240
40 43 344
27 44 410
14 45 119
13 46 216
36 47 221
37 48 433
36 49 465
47 50 230
18 51 485
32 52 487
28 53 285
2 54 388
21 55 4
29 56 419
14 57 162
53 58 396
25 59 417
3 60 411
7 61 75
17 62 214
2 63 303
42 64 241
48 65 357
63 66 129
22 67 83
63 68 326
1 69 211
53 70 47
49 71 241
51 72 326
50 73 311
42 74 246
42 75 176
1 76 63
7 77 471
57 78 219
59 79 275
47 80 369
79 81 379
53 82 425
79 83 12
25 84 176
9 85 137
67 86 193
9 87 238
16 88 191
81 89 401
57 90 106
66 91 473
57 92 174
15 93 476
10 94 192
60 95 206
54 96 22
73 97 500
47 98 376
1 99 402
99 100 308
73 101 65
36 102 228
11 103 498
28 104 191
48 105 256
60 106 130
56 107 99
7 108 440
69 109 181
7 110 279
89 111 254
1 112 247
1 113 296
96 114 380
48 115 201
41 116 239
96 117 137
51 118 197
97 119 375
75 120 142
95 121 282
74 122 398
63 123 23
69 124 7
77 125 293
100 126 349
57 127 347
107 128 211
43 129 411
19 130 406
92 131 186
52 132 363
44 133 419
27 134 476
35 135 468
28 136 311
57 137 233
61 138 139
88 139 185
36 140 162
46 141 242
137 142 430
75 143 298
15 144 374
50 145 477
25 146 21
133 147 430
99 148 30
114 149 326
104 150 476
136 151 185
118 152 353
136 153 138
119 154 370
49 155 98
24 156 235
92 157 397
19 158 46
124 159 24
91 160 52
147 161 422
30 162 402
155 163 182
69 164 110
71 165 360
72 166 36
32 167 457
119 168 418
129 169 467
31 170 313
17 171 330
31 172 186
36 173 118
169 174 127
1 175 248
134 176 165
123 177 85
6 178 161
156 179 217
176 180 458
29 181 206
178 182 108
84 183 62
110 184 339
120 185 294
14 186 376
83 187 200
14 188 455
40 189 188
34 190 422
47 191 282
96 192 157
126 193 318
33 194 417
45 195 53
182 196 62
54 197 321
58 198 215
190 199 110
155 200 333
81 201 457
109 202 213
195 203 450
34 204 183
8 205 375
101 206 461
204 207 77
203 208 229
117 209 131
95 210 4
166 211 332
48 212 90
122 213 375
142 214 252
27 215 202
184 216 311
211 217 447
107 218 62
28 219 14
218 220 48
116 221 34
3 222 59
40 223 242
91 224 296
115 225 438
84 226 40
6 227 57
34 228 454
28 229 196
19 230 56
85 231 179
43 232 201
120 233 429
32 234 200
108 235 417
173 236 283
164 237 18
33 238 214
100 239 23
161 240 117
124 241 430
135 242 62
234 243 48
83 244 217
225 245 3
177 246 319
173 247 333
112 248 147
150 249 374
77 250 49
83 251 134
185 252 454
116 253 142
91 254 44
160 255 175
62 256 238
232 257 496
116 258 371
246 259 64
108 260 155
127 261 392
175 262 13
67 263 36
203 264 425
171 265 43
210 266 399
260 267 367
143 268 185
236 269 195
129 270 387
69 271 338
48 272 97
117 273 190
45 274 337
130 275 331
157 276 388
48 277 220
238 278 226
133 279 135
195 280 381
7 281 381
15 282 226
273 283 208
5 284 280
232 285 497
214 286 322
235 287 333
273 288 395
177 289 267
69 290 230
212 291 448
279 292 283
225 293 453
69 294 494
58 295 61
137 296 11
10 297 95
223 298 145
159 299 430
49 300 206
188 301 224
103 302 187
72 303 169
292 304 277
252 305 299
152 306 339
166 307 323
37 308 351
193 309 476
145 310 380
180 311 98
18 312 282
163 313 430
201 314 71
198 315 109
137 316 88
146 317 93
273 318 342
273 319 41
220 320 9
93 321 306
72 322 282
154 323 276
179 324 93
95 325 422
193 326 60
53 327 203
42 328 495
34 329 415
10 330 129
276 331 189
156 332 192
35 333 247
165 334 430
328 335 226
146 336 154
146 337 24
129 338 7
255 339 369
65 340 297
90 341 94
137 342 317
261 343 127
86 344 498
188 345 146
174 346 495
225 347 433
32 348 388
63 349 63
319 350 178
221 351 50
284 352 390
25 353 33
145 354 149
303 355 52
41 356 401
321 357 26
304 358 427
3 359 353
265 360 483
140 361 474
295 362 300
73 363 314
148 364 268
325 365 125
332 366 297
265 367 182
71 368 224
63 369 127
27 370 380
237 371 227
236 372 385
250 373 295
275 374 232
27 375 365
30 376 80
302 377 382
370 378 468
170 379 364
94 380 63
53 381 64
223 382 361
345 383 17
176 384 346
126 385 422
6 386 16
257 387 67
189 388 77
47 389 44
323 390 467
342 391 442
170 392 237
60 393 7
292 394 315
181 395 278
132 396 225
217 397 176
338 398 441
199 399 277
57 400 473
310 401 409
316 402 75
385 403 210
354 404 417
307 405 366
346 406 238
388 407 255
45 408 13
190 409 89
12 410 58
245 411 394
301 412 222
402 413 333
120 414 73
169 415 232
231 416 188
280 417 303
224 418 121
225 419 458
210 420 305
7 421 366
403 422 349
378 423 461
123 424 330
370 425 100
182 426 396
355 427 237
335 428 402
302 429 43
279 430 24
210 431 61
77 432 187
325 433 282
9 434 10
254 435 266
184 436 45
291 437 275
266 438 199
373 439 345
100 440 65
67 441 401
354 442 285
218 443 114
67 444 500
88 445 456
391 446 218
136 447 177
309 448 453
140 449 114
257 450 293
203 451 398
341 452 271
125 453 337
66 454 139
442 455 281
76 456 181
436 457 407
176 458 293
107 459 34
202 460 254
9 461 428
415 462 13
269 463 212
298 464 302
394 465 329
316 466 104
214 467 360
40 468 489
423 469 107
352 470 314
362 471 345
459 472 177
56 473 162
245 474 360
436 475 216
277 476 257
419 477 401
251 478 55
52 479 485
124 480 311
388 481 152
391 482 143
353 483 196
214 484 66
309 485 448
96 486 410
177 487 20
472 488 149
120 489 194
65 490 397
225 491 427
290 492 386
346 493 304
439 494 221
130 495 91
59 496 365
347 497 131
322 498 350
313 499 487
332 500 87
126 480 467
