500 500
1 2 48
2 3 382
1 4 395
2 5 299
4 6 438
6 7 423
7 8 337
4 9 34
6 10 242
10 11 27
2 12 467
4 13 101
10 14 224
3 15 253
7 16 188
7 17 321
17 18 212
13 19 364
17 20 190
13 21 198
6 22 497
8 23 190
6 24 353
9 25 331
9 26 498
26 27 58
24 28 130
23 29 385
12 30 29
30 31 79
30 32 394
12 33 343
3 34 470
19 35 422
32 36 431
18 37 265
14 38 209
2 39 314
8 40 326
28 41 104
9 42 200
33 43 351
27 44 157
20 45 361
43 46 73
37 47 26
8 48 33
33 49 182
40 50 264
23 51 75
15 52 433
39 53 212
25 54 328
40 55 490
53 56 370
17 57 220
25 58 21
57 59 490
57 60 172
55 61 417
44 62 3
56 63 109
37 64 51
60 65 477
30 66 61
63 67 302
50 68 234
48 69 222
61 70 493
40 71 109
15 72 457
53 73 152
34 74 118
17 75 278
46 76 494
60 77 393
59 78 106
27 79 69
33 80 324
17 81 227
37 82 331
26 83 285
19 84 47
1 85 48
78 86 263
69 87 46
34 88 396
55 89 453
71 90 351
27 91 400
52 92 68
37 93 499
86 94 61
69 95 128
83 96 258
72 97 368
45 98 23
29 99 226
47 100 322
55 101 404
73 102 156
27 103 479
4 104 475
53 105 104
14 106 215
45 107 464
100 108 138
92 109 190
72 110 167
76 111 338
7 112 15
59 113 59
49 114 495
95 115 184
106 116 425
108 117 486
27 118 272
64 119 438
82 120 363
21 121 139
13 122 479
91 123 398
54 124 17
105 125 40
7 126 58
99 127 452
26 128 490
97 129 37
16 130 177
120 131 232
130 132 261
15 133 181
6 134 380
26 135 209
1 136 234
123 137 87
57 138 307
61 139 24
133 140 265
57 141 126
46 142 453
60 143 184
66 144 176
7 145 328
26 146 75
22 147 115
127 148 357
125 149 332
61 150 323
98 151 330
1 152 143
16 153 188
10 154 329
91 155 488
154 156 70
95 157 88
107 158 27
147 159 396
15 160 169
79 161 279
89 162 247
42 163 350
135 164 105
2 165 38
95 166 469
12 167 471
20 168 77
93 169 383
97 170 195
15 171 286
59 172 311
31 173 292
98 174 119
124 175 455
161 176 446
129 177 64
89 178 84
20 179 311
153 180 221
47 181 320
115 182 341
83 183 323
143 184 365
89 185 251
102 186 429
114 187 357
18 188 365
56 189 270
6 190 379
57 191 45
183 192 367
146 193 111
97 194 190
80 195 155
21 196 310
94 197 498
91 198 356
23 199 106
188 200 249
184 201 454
188 202 107
82 203 224
139 204 475
137 205 376
12 206 139
69 207 329
69 208 263
51 209 21
106 210 382
169 211 340
70 212 303
93 213 89
23 214 290
83 215 470
148 216 289
147 217 354
20 218 177
145 219 426
194 220 32
197 221 199
13 222 258
43 223 373
15 224 226
197 225 410
77 226 43
45 227 69
202 228 354
130 229 40
11 230 406
167 231 244
62 232 353
161 233 193
91 234 190
136 235 482
215 236 449
137 237 333
7 238 267
21 239 287
61 240 72
150 241 400
168 242 450
43 243 315
185 244 439
21 245 11
179 246 430
214 247 190
7 248 186
154 249 137
150 250 66
113 251 218
232 252 414
206 253 210
30 254 267
177 255 469
250 256 156
185 257 94
252 258 11
231 259 451
120 260 332
113 261 490
223 262 180
148 263 478
64 264 320
68 265 113
207 266 105
110 267 168
153 268 412
106 269 106
48 270 332
172 271 127
60 272 251
105 273 189
23 274 92
58 275 409
121 276 80
55 277 260
191 278 54
72 279 372
102 280 448
77 281 455
235 282 102
8 283 287
23 284 369
249 285 149
89 286 180
210 287 212
145 288 51
194 289 82
260 290 80
29 291 420
53 292 463
105 293 124
232 294 391
4 295 8
23 296 186
120 297 351
115 298 418
102 299 256
47 300 493
168 301 149
123 302 464
34 303 225
208 304 172
294 305 418
182 306 232
68 307 492
225 308 161
127 309 77
38 310 397
4 311 277
290 312 494
307 313 30
80 314 124
112 315 13
202 316 243
258 317 416
258 318 125
260 319 56
153 320 62
3 321 22
234 322 335
124 323 356
175 324 279
220 325 8
306 326 304
113 327 369
85 328 481
106 329 104
275 330 64
292 331 229
204 332 48
102 333 142
208 334 18
159 335 259
190 336 247
296 337 500
90 338 355
298 339 490
262 340 184
47 341 323
323 342 286
88 343 162
303 344 106
52 345 55
127 346 133
220 347 72
56 348 491
155 349 1
15 350 376
85 351 396
302 352 459
165 353 206
346 354 495
290 355 154
250 356 378
136 357 53
205 358 52
295 359 276
300 360 393
126 361 118
120 362 466
255 363 269
106 364 173
246 365 305
170 366 158
111 367 378
358 368 103
239 369 165
170 370 428
262 371 193
225 372 46
263 373 6
281 374 136
243 375 224
123 376 452
93 377 184
65 378 270
361 379 388
81 380 338
9 381 489
112 382 492
102 383 419
307 384 116
123 385 454
292 386 22
314 387 492
62 388 99
383 389 60
47 390 402
302 391 454
97 392 184
239 393 195
180 394 103
8 395 129
145 396 36
103 397 5
255 398 408
371 399 168
308 400 270
302 401 385
323 402 85
46 403 444
82 404 98
397 405 191
110 406 488
336 407 30
281 408 105
150 409 318
326 410 144
335 411 91
390 412 157
140 413 489
334 414 192
224 415 157
253 416 154
292 417 284
314 418 422
298 419 28
390 420 217
75 421 408
1 422 219
368 423 388
205 424 207
284 425 31
7 426 254
105 427 255
316 428 375
410 429 123
204 430 228
126 431 344
311 432 282
192 433 210
28 434 108
321 435 368
70 436 190
152 437 241
312 438 409
373 439 499
110 440 36
219 441 324
254 442 174
161 443 299
131 444 264
370 445 114
54 446 320
319 447 385
243 448 358
385 449 385
411 450 133
436 451 145
398 452 406
67 453 489
323 454 3
11 455 241
435 456 401
205 457 474
310 458 462
43 459 171
238 460 160
138 461 474
254 462 489
405 463 270
332 464 8
141 465 21
327 466 166
415 467 417
52 468 196
100 469 194
375 470 429
434 471 490
390 472 391
362 473 270
471 474 424
336 475 475
343 476 178
120 477 349
79 478 218
39 479 73
333 480 98
86 481 244
238 482 323
306 483 241
462 484 16
298 485 422
91 486 115
406 487 30
27 488 167
384 489 77
260 490 100
285 491 449
347 492 203
87 493 232
292 494 84
296 495 151
331 496 31
163 497 471
148 498 226
276 499 269
387 500 307
414 422 207
