60
25
103
43
2
7
159
10
123
34
59
44
4
45
1
63
104
54
33
151
46
111
80
97
73
135
27
42
121
125
12
63
42
68
110
71
198
13
197
4
178
123
1
11
83
75
6
119
94
38
11
42
88
10
40
53
2
85
37
28
4
46
5
123
113
101
189
68
53
25
144
134
59
206
23
43
16
16
120
2
17
33
61
25
8
17
177
111
85
34
125
41
0
46
22
2
20
140
3
84
12
21
160
14
130
67
103
83
37
56
80
137
34
67
37
23
109
91
30
167
31
0
128
94
17
71
78
30
42
53
137
10
42
11
0
60
52
44
185
22
9
35
172
20
56
6
129
186
72
80
183
8
89
150
5
4
98
118
12
103
140
52
12
2
106
0
97
163
117
176
43
17
0
1
133
66
182
28
75
40
119
156
12
87
23
35
142
124
93
102
26
10
92
163
15
29
36
61
61
28
45
139
18
55
76
14
6
23
24
43
85
164
82
18
93
113
2
116
1
214
52
27
33
3
162
60
213
32
90
97
10
9
24
9
23
50
86
0
0
2
15
11
56
36
66
6
209
75
48
18
5
90
46
23
38
30
65
170
5
188
46
27
60
42
10
69
83
101
42
130
61
51
3
2
129
224
14
14
147
90
37
18
83
58
100
124
112
15
140
185
85
6
81
162
123
2
69
3
22
111
19
3
127
4
30
29
3
45
6
45
128
79
43
13
42
13
17
18
150
27
5
116
3
88
39
30
15
207
23
16
89
0
69
5
4
19
44
18
35
0
139
117
25
128
66
34
110
19
102
117
38
58
41
116
111
0
159
163
18
98
35
158
219
107
41
57
1
203
130
65
111
197
140
32
49
29
57
24
28
102
9
12
121
164
5
90
62
50
193
171
27
88
132
75
29
116
4
195
48
72
67
106
27
67
106
0
82
27
130
99
107
6
114
17
29
147
5
11
61
145
163
120
3
63
13
64
104
153
0
177
155
9
64
24
76
53
107
17
21
56
0
14
36
124
72
40
40
125
5
32
88
5
17
175
8
165
29
104
7
192
2
71
142
1
75
194
145
227
51
107
81
12
18
186
35
9
9
49
191
53
83
52
126
12
50
112
61
40
26
13
3
84
12
26
213
149
26
144
78
64
31
0
34
28
0
16
0
36
15
68
105
58
39
150
76
1
12
3
177
19
40
60
65
67
5
62
16
53
5
127
