30
82
37
35
73
8
1
11
34
73
13
39
1
71
9
4
45
5
1
1
15
17
34
48
26
52
18
20
61
7
3
64
0
18
12
29
7
81
33
35
73
36
70
15
10
27
100
15
40
15
6
17
12
25
3
7
7
15
95
35
109
12
10
7
98
2
6
42
26
30
1
15
17
4
59
24
72
94
9
6
45
2
42
36
5
67
44
31
3
45
42
19
62
18
10
7
64
11
0
4
3
29
80
14
7
38
41
22
56
49
18
76
1
102
2
28
35
63
57
53
7
1
67
24
94
36
29
9
12
2
18
3
1
43
40
5
49
5
46
18
14
12
5
12
29
52
42
38
41
13
5
18
0
100
77
12
28
28
37
15
5
75
1
16
33
106
8
29
32
51
1
51
0
8
10
69
64
35
52
27
31
13
87
16
28
4
107
37
10
16
15
12
14
1
10
11
5
21
15
32
91
14
7
3
1
12
0
1
52
2
43
12
30
8
11
5
73
2
36
6
15
3
40
65
17
35
16
44
22
83
77
43
0
14
3
25
83
20
4
47
24
65
45
95
52
63
6
90
127
85
3
29
4
10
109
15
85
30
