30
13015074 49546672
13015079 49546670
13015089 49546699
13015096 49546689
13015076 49546667
13015096 49546682
13015086 49546698
13015077 49546670
13015083 49546683
13015079 49546673
13015082 49546678
13015078 49546693
13015074 49546674
13015073 49546673
13015106 49546698
13015104 49546693
13015092 49546694
13015103 49546690
13015079 49546667
13015089 49546672
13015078 49546670
13015091 49546687
13015074 49546675
13015088 49546697
13015082 49546681
13015079 49546675
13015080 49546674
13015100 49546683
13015083 49546681
13015082 49546691
