1000 891
1 7959 18036
9 12973 69475
10 99858 15111
10 15571 94834
6 69417 58064
1 48325 76647
7 18957 39821
9 77931 20637
10 43202 41948
4 16760 76845
6 36565 43581
1 43585 85030
5 72870 13855
3 76680 11342
7 75974 12256
2 22649 39353
7 95596 37420
3 21458 55419
1 11029 17158
2 32592 26183
7 9831 19639
2 22391 1265
7 86564 13261
6 15297 57979
8 79853 27922
8 99250 19470
4 48149 12385
7 79807 82019
4 10236 57774
1 99284 20809
9 86417 7276
1 94629 63380
7 79695 25711
5 69521 80174
1 78951 13247
5 99047 64387
7 32224 11837
9 74333 71077
4 31057 35347
5 92321 56621
2 13565 52569
8 21170 59285
2 96221 98268
4 57074 23586
7 52056 70533
8 15463 69055
8 86928 76471
8 3471 22666
8 19691 80858
10 20639 16518
6 14641 23838
4 33365 94017
6 23648 78648
4 80476 4138
5 50011 3477
4 79443 98957
9 18654 68537
10 98642 3967
2 77597 81455
7 69786 63613
6 75459 20295
10 96898 32100
5 58410 76567
9 24891 23699
10 91226 17382
7 2401 25511
4 58427 14938
1 22577 24471
8 86004 33548
10 27843 43408
9 78960 44856
4 93246 27436
4 37655 49691
1 68483 83692
1 64383 5896
1 35506 70683
7 58457 9974
2 26089 45765
7 24316 20324
5 59685 91383
1 24362 22490
8 19410 24946
5 640 46752
8 25212 53902
10 31893 68371
5 8864 38113
1 52444 45279
4 4900 21415
10 43601 92831
6 5461 71736
7 54403 50441
5 97238 9246
7 11475 66067
5 56569 97757
1 23328 31825
8 75196 97529
5 99002 65407
2 80678 99105
4 8246 68928
6 72280 68752
8 24745 55956
4 86421 77424
2 66300 21605
7 91931 85939
9 47220 83331
3 59623 57701
4 2118 76607
7 20982 61803
8 50471 74935
9 82102 3035
5 92603 92097
8 90054 49582
9 66391 51488
2 2363 94866
4 61581 56111
6 68234 65045
3 6353 39609
10 8145 74569
4 4666 3014
1 28009 11213
8 48510 94347
1 60111 61896
3 18253 92734
10 95156 67298
4 12836 17922
4 71404 12960
9 86450 13346
9 66076 70182
2 72561 66698
6 78267 70422
7 92239 92088
1 25362 5530
7 1449 36925
5 54503 18341
1 38646 83938
7 73394 79477
6 67908 616
10 8330 66821
1 88506 44341
4 96030 48561
5 6215 997
1 816 40809
8 84879 7055
9 20051 38070
8 13810 15011
2 90386 56377
7 2266 39350
3 66856 22431
9 34227 56163
8 81874 17669
10 72031 84864
2 82919 62373
5 10623 1761
9 76140 56962
9 95566 34373
1 70191 70821
2 91399 94132
4 41055 89322
4 86954 52360
6 67467 67472
6 53852 43106
9 356 9829
4 3266 36748
8 30001 67531
7 58544 39133
6 20127 42873
4 85840 25866
3 42543 51268
3 14127 15029
4 95683 54466
7 17993 2627
5 45949 77885
9 97863 26760
8 84476 39357
3 99282 37738
10 41557 18579
6 90644 37570
8 63679 19808
5 54566 23599
10 49379 80093
6 40632 8982
3 55393 69985
4 20800 38655
2 87555 52422
1 3128 11705
6 47119 38472
6 34211 69633
9 220 27299
8 96036 59733
6 98430 18676
2 10308 90995
5 37183 29918
5 75042 51538
1 25509 28246
10 52768 31580
9 9804 9774
3 50851 61342
10 43116 28505
6 70073 64001
6 36679 72849
7 13492 44374
2 97612 34548
7 19145 65699
1 24933 23207
6 93053 39597
9 67364 31908
2 88816 94054
8 10937 81978
3 53552 54797
8 16563 25065
1 84637 25851
10 14986 92683
4 98492 72584
6 55087 21561
4 26513 66920
6 52678 45724
2 14502 70215
6 43954 29859
7 46809 39367
3 857 32848
7 25287 30877
1 44817 67414
4 32552 40821
4 98808 25932
5 50027 56117
2 89753 6881
4 24404 94496
9 26898 83603
7 82813 4200
4 38900 51619
4 85831 95736
7 81955 66783
3 38557 58233
1 6864 40390
10 2842 77901
3 8944 31516
8 81904 55990
7 20622 92670
5 3259 52604
9 63730 24069
8 10585 98325
8 16066 84713
7 40670 94686
5 22048 95123
1 96564 91560
3 76827 86200
2 29806 58220
1 27491 45610
10 55222 28339
9 12912 74093
8 50407 99271
10 14265 82641
8 87021 76303
10 63186 88442
9 87685 27026
1 1288 34832
6 50468 34931
5 9261 97474
3 17705 35758
6 37294 21637
1 70081 30334
3 68513 3130
6 48235 14117
6 85308 91539
10 3899 50607
6 31279 95564
10 41435 3864
6 63404 44328
1 17498 8792
10 65079 50049
6 79072 45725
4 22060 8670
7 61472 74681
7 11012 70752
3 90758 41841
5 8248 47515
6 82694 3224
2 93467 12763
4 36099 17586
4 73543 58263
1 36956 46736
5 49304 11792
5 43260 26094
7 21048 80423
10 54069 46822
2 93613 4351
6 93575 5568
7 23624 39062
8 58540 42810
8 63539 4448
9 70543 52865
9 12867 91085
3 1723 11541
9 32173 70313
9 39497 56328
3 53040 39196
5 28444 75945
1 8474 75185
5 51892 64062
2 75168 78774
6 12850 98248
3 51243 1690
7 67962 95968
7 23986 8288
2 63157 76061
3 80478 38096
3 84957 87347
4 11193 34167
10 26688 41129
9 49102 49945
6 32025 38937
1 71497 19543
4 19748 69014
9 14330 93777
9 22880 15563
1 24460 91803
1 39682 2733
5 2411 3866
6 35651 38146
2 31821 29181
1 48736 18848
5 93916 72525
6 69063 11874
9 66509 60639
7 38194 58521
2 79876 89002
6 98796 11930
7 51960 34298
4 45122 36088
7 10293 41573
5 72420 55888
2 34285 41627
5 90994 50157
1 99355 76638
2 98871 15356
8 89926 93069
9 97443 6940
10 15811 990
2 62215 8214
5 14416 62643
2 64020 82916
2 53823 12680
3 26737 6430
7 33196 31829
5 56398 47797
10 48372 3238
9 15125 55494
7 58605 71999
6 5680 96709
3 57929 59054
5 91980 6803
6 55307 35686
9 41987 51098
10 34294 65926
6 11713 92454
8 44277 76784
9 95237 64973
1 41596 55687
4 53997 44851
6 59527 99679
6 96715 45391
10 32889 48323
6 58625 82459
9 28952 81159
6 20405 74504
6 94304 78815
7 58230 81777
5 63591 36488
1 8647 58741
6 75048 97423
5 29160 78190
10 54386 81178
9 9319 56165
1 20377 68703
10 92691 8039
6 86053 95686
8 13386 74052
7 26693 38061
6 59905 40198
2 86778 87045
6 10314 77381
4 75082 7912
1 78284 82672
5 46111 5554
4 66243 79181
7 9075 32881
2 37527 71601
2 99394 26752
1 79421 39502
2 5362 74917
8 15386 33697
1 34473 5760
7 72712 90877
7 97260 41223
9 72171 61751
7 78214 79025
5 88 71504
1 77407 30773
5 14955 71634
7 27349 67042
3 55639 22357
2 31969 68799
6 33341 32441
3 13550 6391
1 28477 17252
7 84382 33793
7 37578 80968
1 55031 11059
1 37267 41231
8 67094 35975
3 61143 96122
7 53084 87583
4 23701 90935
5 33351 30600
6 3110 7209
7 17099 41464
1 80158 67600
7 44721 39236
7 3287 44091
9 85099 10995
9 74531 28726
1 31616 44353
10 59694 55093
7 72432 71628
2 83204 37955
5 28950 8473
7 27571 61898
9 85247 45401
4 25847 86501
3 47751 81120
8 59812 93449
10 36836 50808
9 92942 21461
3 49770 65261
3 20282 59564
3 9372 66319
1 17385 8194
7 82771 90563
1 66114 28842
8 17269 29013
2 51959 67159
9 30362 35877
1 93272 66265
1 54890 66974
3 46677 70871
3 49561 9798
9 51558 57579
9 95836 54702
1 69257 10419
10 85714 32462
2 26679 27016
3 88547 36043
4 99815 25320
2 84794 84690
1 68437 62434
6 83238 66969
1 71807 92011
10 84864 73544
10 65626 58391
2 62946 99125
7 59953 29326
1 14437 722
5 97301 78027
9 24961 5676
7 3388 76350
4 93207 76899
1 7388 96669
2 82860 34628
5 14287 22955
9 86280 44619
2 80296 56723
2 94539 3567
7 39953 97711
1 13772 74578
1 5314 66716
3 2202 59755
6 97265 82936
2 76697 81619
10 60653 7461
4 61871 33734
7 10834 99990
10 39584 70942
9 88787 48008
8 67900 92205
2 77865 16583
6 68133 44907
6 700 31265
4 40473 91137
9 27065 39474
9 99657 1979
1 82648 84934
1 45981 69905
4 62962 44663
4 96851 21709
4 92642 50570
10 30269 78681
8 12144 93309
6 14475 40450
7 46187 60606
10 48618 17622
1 27162 36441
7 97148 75924
2 39807 81217
5 16435 29321
6 33513 57986
1 71817 81175
2 56009 38862
10 81572 70416
5 43436 83968
9 86238 66625
4 57665 93758
7 26205 8611
1 44128 5331
3 97736 32901
8 43007 49604
10 88706 96852
9 24115 64328
5 60668 74334
3 25842 51477
3 47284 87903
1 10856 85093
2 92989 98310
5 99976 2375
8 11033 10615
3 67636 11305
4 96562 36613
3 57740 224
10 44482 13700
7 93392 33606
3 64262 61504
2 41195 70408
10 85141 58223
2 379 8293
10 19055 34591
8 93628 58710
9 52125 79197
1 2503 35532
7 82966 2290
7 75815 96947
7 69699 18527
4 77084 83267
5 95974 9662
1 68857 5979
1 83553 94827
3 58927 30846
3 61428 61391
7 61199 88080
2 2107 82200
4 41314 28186
7 53259 49670
1 17929 28816
5 12795 77343
5 38924 91070
6 46465 6880
3 75389 93487
2 78809 30134
3 79108 64381
7 85566 27569
10 70486 22575
8 55293 49084
7 33033 30961
7 46795 77440
1 69087 83672
10 28539 83134
9 15930 7213
8 98744 37237
1 93248 89429
2 53409 50592
5 59805 14545
4 32376 93820
7 59670 24920
8 862 5519
4 53015 87980
2 56993 58314
3 23539 29858
6 68451 30953
10 94378 90160
4 91202 23593
3 46628 56163
1 36729 69838
3 14300 47168
9 55015 11085
4 19428 24225
9 72568 50295
6 41253 4490
2 59800 18606
4 60991 84220
4 63549 83322
10 43226 54508
7 59497 34554
8 41634 6214
3 19480 16865
4 16578 2925
10 96482 91724
5 20065 51118
8 62054 97315
4 59777 59907
5 66254 15849
2 44328 14318
6 70877 60102
8 3819 88155
7 79955 71347
9 90317 27194
8 78075 51851
10 41510 10556
1 36111 92524
5 93539 69717
6 87788 35636
10 14555 56027
5 74112 7532
4 90207 72449
3 80546 22807
2 70113 92665
1 87468 45725
1 59030 50433
1 16898 14573
9 67141 59280
3 5943 79487
5 59567 80200
2 69381 21007
4 93791 6128
6 6535 63373
7 88604 42771
5 7666 49077
3 18696 72950
4 68803 38357
5 5405 76730
10 76454 42814
9 13016 79240
6 65450 87226
7 42808 57054
3 39020 42885
6 19778 25600
4 764 44291
9 84312 98810
4 42848 58558
4 54348 65145
7 29264 28238
10 23023 55340
3 43834 45018
4 29781 79658
3 42937 2437
8 16206 17333
4 82761 40929
4 74526 10056
5 31882 44136
6 21219 4824
1 38856 15154
6 43401 98499
10 72159 93924
4 11280 47365
10 48746 62636
6 82455 50704
8 6866 47302
2 75864 47747
3 18250 52596
7 17268 42
1 56728 90479
1 80249 62706
8 12087 12120
6 90723 66827
7 95350 63995
5 24136 44069
6 27783 18174
9 79239 39104
10 21716 68706
1 61385 10480
1 88532 31264
3 41279 17979
7 32304 50888
4 21812 51179
4 55012 10722
4 43953 91769
10 92968 3157
6 15844 63943
9 93163 91382
2 8576 18204
3 92639 28374
9 13428 21704
3 86840 98737
6 94831 32768
2 11731 9162
4 25792 65311
8 25831 91332
5 77770 88130
3 64770 89998
8 54136 34137
3 89252 99569
4 58343 44609
2 3829 4002
5 18053 55980
9 55825 6854
9 85421 37949
2 62262 12511
10 27586 68912
10 29514 52753
9 6267 76051
10 96942 37834
7 93359 26052
1 27883 60250
6 60885 34273
10 23180 68925
8 76340 82660
9 91589 45607
7 18658 63757
5 10492 48576
1 27199 639
7 60532 52719
5 68399 26867
7 55696 59036
7 4969 21964
10 15966 56755
4 72021 86053
1 70830 20262
3 76489 48614
9 61222 71029
6 90223 64999
10 58022 13518
8 82371 5596
4 67891 44808
7 7814 40858
10 65622 47074
6 24724 63995
10 36090 92837
5 56662 59031
3 21546 25122
3 85701 49845
2 65757 48725
8 60341 84339
3 60893 60009
3 31247 94245
7 16237 82648
6 91853 12516
7 13706 65742
5 42854 79450
1 20853 13540
2 35284 42846
5 65328 58336
4 78942 34874
6 39542 51754
8 13180 98533
5 21236 60579
6 66048 38144
3 42572 15816
6 1023 1513
3 48237 57956
7 34219 48978
8 45010 90989
5 30140 13892
9 98136 2814
9 18847 26254
4 29431 56440
6 92123 12051
3 54016 78261
6 87456 8440
2 82267 84476
8 46702 24375
5 38584 32151
7 18611 66388
9 28961 63290
7 2984 83273
5 33014 74361
9 14200 90741
4 62779 18598
2 3939 3683
3 23816 97870
9 57968 57239
1 77193 411
5 4241 99326
4 248 46583
3 62551 69950
4 1485 77631
10 37275 9581
8 66130 40845
4 3940 9128
2 23122 87804
1 36462 97053
7 81518 98966
3 24804 51021
6 16728 70245
8 89802 88894
10 40099 52560
3 52496 46031
8 69900 70751
1 87590 95797
2 26215 84336
8 14274 58817
2 68779 39114
9 39750 55501
2 72711 43928
7 95296 67786
7 63697 41623
6 36455 26650
2 82327 51870
1 66535 4321
9 9213 58327
7 13009 75375
8 3833 29268
3 96932 44294
3 74301 14383
1 67486 46876
2 56153 96567
5 18400 80967
9 99757 4795
6 16252 82467
4 61919 98687
7 65426 41839
2 37533 71010
2 1051 40833
7 90187 70219
7 81777 9639
10 38833 15158
3 722 1878
7 36549 66528
1 97355 23408
10 68510 13946
6 45433 30098
5 3397 5789
10 21755 15733
9 94614 86504
10 30354 40134
7 76281 52914
1 47902 97
4 97445 60558
1 79145 72273
6 13810 55918
8 94229 89381
7 66060 91700
3 15896 96824
10 13670 5658
7 98468 34614
2 3841 31402
6 90820 99769
5 6589 60818
6 65961 4382
8 19479 87402
1 13823 83047
5 19440 8814
7 73646 81798
2 36485 16377
5 58294 67585
2 28355 98150
6 11526 36420
10 40337 7314
2 70287 53735
5 28172 48156
3 98104 81196
7 14906 92076
10 25904 30171
3 73944 82615
2 43730 99109
10 62830 462
3 73414 23787
3 86742 72154
9 75866 95811
10 4224 41515
6 95374 93939
1 6481 54554
9 80551 36697
4 57631 11439
6 37531 24928
8 29348 93686
7 76720 4201
10 35930 15543
4 22694 56959
6 8513 27294
4 66388 23357
4 43653 44695
7 82290 60401
6 44429 74549
9 14753 97309
6 19550 79308
1 29344 56752
7 76517 94242
10 82618 61712
2 85695 45637
3 11021 33748
5 21661 73142
5 95990 72135
3 43776 69933
10 40540 46285
10 81397 45730
8 7317 49381
5 92639 6560
8 63589 22435
8 71157 92556
10 99441 67775
9 80188 38844
7 89036 64312
8 90310 74873
7 25350 81597
8 19541 74760
6 6098 32180
9 63064 27567
1 32166 14757
2 42200 9400
6 62098 39938
6 12597 70675
6 97676 85509
10 14537 23226
9 72645 68284
4 98283 2007
5 70415 24638
4 22872 36537
7 40320 57393
7 14401 95749
2 59844 78517
8 99055 36203
3 74376 59463
8 24615 85783
6 26623 97429
5 31153 43115
7 21261 70955
5 52930 30409
10 8948 6113
3 51788 22792
6 72764 57718
5 67292 68928
5 68933 58245
10 74772 54426
5 79613 87864
3 13397 77606
1 81866 91898
2 87672 19377
9 33427 25278
1 8708 77494
7 75360 86405
4 38412 61211
3 18155 46075
1 99681 37418
2 36096 87852
3 89324 82738
4 23106 15273
1 21219 96658
1 88166 22337
8 64365 7658
10 65343 39547
5 38239 61400
6 14221 82826
7 21264 8974
7 35867 32872
6 21910 29004
7 14682 88022
5 1797 43491
5 71696 2368
1 81656 56981
10 49116 63948
4 5436 94241
10 9591 80054
10 2307 4954
10 33101 34710
8 66679 91289
5 76924 42448
6 3449 45189
6 58059 38929
1 7364 38986
3 26514 59614
2 90693 17475
4 28573 14567
1 50802 21659
10 77194 21624
8 47989 4002
1 52723 29010
3 22671 93489
8 26650 76611
4 84525 26562
1 68184 44957
6 81740 75516
5 93099 74798
1 63497 33754
5 48296 51579
3 52150 87377
3 86537 1366
8 65074 99790
2 4103 32140
9 26870 52480
3 96999 47518
2 38076 40513
3 42833 36670
3 76558 29453
2 26232 73771
6 95482 77211
10 88372 26267
3 46052 70575
1 31730 75965
10 16626 29226
7 8589 64365
7 99773 84382
10 78811 90173
10 87041 1024
4 657 23818
5 18991 22066
7 5860 25608
2 92700 30865
8 89929 8883
1 82265 38603
8 58164 80412
5 34363 3081
1 44826 56535
10 119 81361
