1000 840
7 88672 79381
10 5527 57788
4 83051 43915
8 40846 58027
7 31906 77926
1 40948 59582
2 54530 78704
4 74116 97887
4 26316 488
3 35948 63588
2 95619 84543
1 12189 35706
3 26471 26527
6 65385 4115
3 12380 93847
5 40591 16992
1 28793 79936
1 79589 94064
10 72471 54082
8 28553 57699
2 59132 98807
1 5080 52806
2 89472 83504
7 77030 68529
7 52294 71579
8 54134 14555
10 74678 6945
8 17700 10307
1 4000 13993
9 94376 90544
3 70380 88635
3 17392 68778
10 3166 68047
6 68839 69990
10 86059 96269
9 74172 13135
6 43629 29896
3 98495 60275
4 70273 37165
5 37265 11569
1 84269 42455
3 10515 81805
1 73610 63160
8 70747 4067
10 66155 72180
4 89593 99693
4 80092 59341
4 4414 11071
3 54419 48185
8 85457 20994
10 62828 70456
6 39970 65839
9 72774 90148
5 33873 92373
7 44126 84375
7 55972 72799
1 17463 86443
4 16284 37966
1 92626 6880
2 10061 59535
9 79838 10807
4 28927 3758
5 95765 31592
2 34612 22184
2 76305 97726
9 99728 73529
5 49718 54552
6 30617 88427
6 80818 46589
2 54344 73794
3 98286 44174
4 63548 58754
8 39492 7049
5 19246 24264
5 24206 37258
6 52596 56894
2 59970 31707
6 99643 77448
2 79397 35769
10 72366 20554
4 17723 1061
10 61332 91080
8 82293 92427
7 63997 6053
1 83402 86158
3 86892 45453
2 42460 95398
10 3482 17830
1 53719 36016
7 9577 2443
8 91329 29501
4 64360 85686
7 45593 7116
5 83 94240
7 26607 10790
3 5554 54198
1 63232 59451
5 68070 42270
10 13094 35711
2 51038 69593
8 68993 19905
6 21580 48228
3 43641 36529
8 75983 96141
6 55682 46064
7 9794 14926
9 63718 57600
9 69803 91031
4 41878 33591
8 82248 3097
1 5745 69387
3 64560 44561
2 30487 10776
7 70892 43507
3 24483 94923
6 89770 60613
3 68683 82436
3 97138 67723
1 30899 51981
7 7624 7362
7 91600 48285
3 26603 15176
9 79999 68018
5 24309 64765
9 17136 70137
5 6893 11478
1 24313 15202
6 34188 56876
8 55144 90339
2 8431 68224
10 56353 67894
6 23046 98002
5 69589 62615
5 66914 5815
2 91448 82452
7 10012 12131
4 13387 28553
2 61468 53804
7 89859 79386
7 62179 212
1 29680 41213
8 91177 47479
8 34953 65729
9 27711 11024
4 19830 56660
9 87195 5334
7 42730 2160
5 74424 19336
7 82136 38107
1 12358 1336
10 84504 93089
9 16421 60695
1 54854 94621
9 68941 84288
7 92908 35065
7 67275 21248
2 69003 26360
3 5471 68336
10 32988 41096
3 36569 2506
10 30982 70457
2 44560 51574
5 30808 10358
10 79417 59265
8 53977 91214
4 99901 415
2 54250 95783
7 96690 98968
3 52151 93667
5 77205 13640
10 43981 53935
8 86832 57063
7 55614 96070
1 19956 82119
7 95439 67847
5 81865 50456
1 19063 59458
8 31209 73336
2 2401 9
9 53569 30087
3 69950 61505
9 74054 1278
5 2953 45138
3 88400 74183
10 98173 89248
1 44007 78582
1 33288 99249
7 72388 35628
7 59610 88537
10 52716 44131
3 67348 50710
2 16598 30360
10 21695 27290
9 41435 50226
8 10213 90181
8 68579 55447
3 86935 39041
3 84443 87301
4 48712 65334
9 95161 39856
2 55480 8850
4 78541 50560
8 33972 60488
3 36132 7091
7 92350 43137
3 54012 41269
10 60320 17338
3 32659 84703
2 10333 84942
7 78070 18893
2 65208 22747
5 88130 13684
2 68353 53746
2 93385 37467
7 58072 39755
3 25184 44572
10 4690 82527
10 98435 72915
10 27714 16153
4 80886 64680
1 32495 94295
8 85945 39735
7 92921 69874
7 55418 24260
4 21392 73722
4 61969 99957
1 94523 82507
5 89596 50814
2 30172 85401
10 78351 92706
2 10211 22790
2 28106 84989
10 95374 64126
7 48448 8985
6 4969 83756
2 50685 25080
1 17849 88550
5 67401 52362
10 93348 39013
3 60447 19625
9 31195 1443
5 73891 78620
9 81845 8338
9 30436 57788
10 26950 93026
6 29178 80321
5 17418 51354
5 93565 1020
2 81935 29003
9 48555 12973
7 78723 90379
8 13244 93057
5 18719 66546
9 32906 84067
8 78249 69669
2 72139 33262
10 4163 76204
4 77431 97021
4 65824 59014
7 87010 61183
1 76811 90276
7 42165 98253
9 48663 69277
3 1456 22642
1 81046 4703
8 82039 59660
1 91212 65490
6 24263 81327
7 41998 1674
9 50973 38318
2 23101 73485
5 89777 31360
7 89072 16592
3 98644 17179
2 45027 23114
5 36135 25401
7 73555 22960
4 81292 82538
9 70154 22404
9 61814 83911
6 30345 65427
8 86668 2853
9 79701 79621
2 3744 79645
5 73369 47323
1 44180 34190
1 69651 79216
1 55960 37396
5 4424 19645
5 13047 18721
9 21726 63311
10 15072 22295
7 4381 59541
4 22243 92897
2 92980 38970
5 79824 22685
8 78204 74139
6 75921 26142
4 64504 49512
5 18635 32458
1 60499 74407
5 54912 22538
8 67447 73006
5 71766 60303
1 96663 30702
9 59983 84948
3 23072 40919
4 20845 63350
5 46884 49325
10 62104 81240
1 33508 34823
5 65901 98029
2 39679 23389
8 30640 5725
2 91373 88490
1 16696 35142
6 46482 68004
4 57467 55082
8 39894 12683
3 28964 30267
9 21891 83372
7 38111 32761
2 92268 98059
1 81828 125
5 25073 30553
9 3648 73622
5 13231 24358
3 95336 69581
7 33523 62350
7 25361 19445
6 76128 72313
7 76169 80047
9 9291 35845
8 71009 40825
9 2557 73150
1 82455 99396
2 84501 76212
3 63388 38516
9 85540 77908
1 76499 96550
9 80565 10662
10 52211 63014
9 48709 97470
2 81393 44783
4 68105 69757
7 9730 13502
5 42803 37923
7 64374 84109
2 19128 31149
7 32665 34086
1 8989 82644
6 53702 8964
7 74276 92466
6 51368 23451
10 73526 53050
4 75961 74378
6 18251 76809
8 66111 27972
1 13375 80375
9 93873 79426
2 4970 86647
5 62608 97642
3 22960 15788
3 36284 55752
3 26376 23930
3 83078 51947
9 52600 18606
7 27951 29442
8 31801 74186
7 82618 83430
7 88836 42308
10 77546 46293
6 98386 33888
10 17816 56767
5 33251 92195
7 96838 44750
9 77148 20958
8 91380 9299
4 64967 85842
2 82846 13047
6 4891 84540
2 86455 95985
1 84040 76973
4 65110 40608
1 98782 39896
10 23439 63531
5 2959 17996
2 25884 27680
4 37204 45363
3 29904 36123
6 12126 76097
8 36254 84748
5 28025 46866
2 16313 60335
5 92216 15500
1 82976 45855
4 96480 45089
3 96605 65249
7 54849 24682
6 39398 48369
5 20673 65699
8 47107 90891
10 32215 44907
7 1228 39109
9 75471 82879
6 39709 69895
6 61245 53925
2 63527 85520
7 85027 95447
8 23292 51562
8 87624 97812
9 41797 46506
3 18766 72366
10 33763 86246
1 84329 23129
3 26078 85090
4 33034 17282
6 43435 84379
8 80007 51217
5 98940 46715
6 36918 71769
9 63800 64702
7 63937 17213
8 57435 32264
5 88987 57457
8 43662 43607
8 19103 21600
3 6611 36749
2 3775 45565
7 40050 99668
9 94264 30743
10 72735 48611
10 46875 22555
7 62394 44124
4 90272 50941
3 75217 89337
2 31794 86448
6 7990 76922
2 89078 299
10 9664 308
6 93436 70716
2 36205 76104
5 35550 73133
3 64769 62899
3 22635 99852
1 14736 50463
6 89863 34666
8 17940 2657
9 23575 36490
6 32319 33151
7 54493 75765
8 59241 5925
10 41038 78448
6 49450 38123
1 58535 95179
3 16155 1424
9 20292 43948
7 69888 37671
7 4456 48129
1 35428 17585
3 57275 95911
5 43746 64500
2 25047 60291
1 14393 37889
6 73237 54843
7 32555 57356
1 254 27676
10 61845 9199
2 83117 75926
7 54359 7614
7 84583 7386
9 53678 50192
3 43599 54602
8 51669 45685
3 50402 81321
7 59150 90752
2 81001 55294
10 70331 19778
8 24879 38625
7 4315 10332
10 35564 46104
4 33687 98714
6 80702 71817
5 27388 87365
3 44346 13577
1 21142 27447
4 22753 33505
3 15351 56814
7 18729 96842
7 42109 43957
1 96145 21707
8 53835 18527
6 872 55860
7 42208 7409
3 19264 89612
3 39009 24937
3 33158 8863
2 25138 10544
10 32081 25482
2 19742 54812
5 68925 76286
9 48824 11821
2 26513 60361
6 43611 95853
10 79741 79538
10 83042 12679
6 85122 52054
3 36650 94773
5 58884 49807
8 78698 43486
5 58739 51169
8 33008 50650
4 54106 15709
8 35476 68304
3 59541 37414
9 99567 1666
4 81773 11464
10 86388 66252
6 80271 94281
10 12929 69107
6 3825 88385
2 91691 12832
6 60127 86904
7 57670 94205
7 66792 86578
2 43179 66595
10 79183 2591
4 77490 95404
7 3199 87895
8 88849 62549
1 79251 91735
8 42557 99256
5 14260 26324
4 30185 15223
6 7605 75283
2 23081 34473
10 83959 7879
1 76337 34543
8 28227 60102
10 71874 71372
2 85651 96768
5 60577 74755
5 9561 22822
6 54501 46888
3 6775 55278
7 11411 87070
2 30755 56322
4 31000 96542
9 96974 83974
1 52008 74745
2 95795 45839
8 87917 3757
3 88922 87262
3 82941 11284
3 85225 31536
7 34095 67253
9 22945 11523
5 1870 16935
10 96387 39820
7 2432 81541
7 81079 78872
6 27923 39341
2 23233 21187
3 52982 47458
6 4378 15898
10 9145 99050
1 45301 20776
9 36774 38511
2 9988 7720
7 68686 18046
6 49661 92923
3 15153 77230
9 37156 49509
1 78853 33149
6 28902 62502
4 77163 33420
5 47127 62951
3 54204 64390
10 69061 80187
4 95987 7411
8 80566 94858
9 7223 76892
6 81568 22811
7 61749 49279
3 26428 11095
2 51125 5552
5 93659 50901
9 94331 92490
1 97445 16877
4 61192 88859
4 21183 93327
1 9580 64479
7 3273 45329
9 57887 74795
9 5205 14311
3 7544 64720
8 140 18595
9 35177 15618
1 13497 64886
6 10933 63597
5 79923 76194
10 68490 24624
1 99719 78206
5 85437 48064
2 35997 26470
10 21910 50330
2 20977 30314
4 47817 57138
3 95794 97311
5 35444 42007
3 54535 42380
5 88564 27141
7 43201 43902
9 14947 73558
3 36953 80300
10 18177 27435
6 8746 5987
8 73906 72699
1 95911 63870
10 70038 49445
8 69066 8585
4 93671 79121
2 5634 65368
10 75509 42458
4 16545 15581
4 6032 95875
5 60751 77963
3 20310 6731
7 70482 63940
9 84410 44015
1 25740 80941
7 19628 3878
1 48923 78829
7 82452 64299
2 64882 68518
6 98361 87750
5 80122 74733
8 59758 50918
10 71985 85455
2 81217 8714
8 18266 71994
10 98550 79547
9 90910 15190
2 10785 50561
10 18208 753
2 69794 21072
3 42346 35734
7 33878 18140
1 66427 90914
5 67355 1094
10 74825 99910
3 77287 24744
4 3862 33109
9 2272 57819
8 49963 24425
10 27391 46383
2 44237 50554
4 60218 36695
2 86792 44062
10 94222 92771
9 46880 25670
1 51256 15394
8 55782 97040
1 94922 19228
4 28631 38276
6 2214 19650
6 92624 12797
10 6651 17294
3 11006 44023
1 70792 46980
4 4965 31589
5 89591 21665
4 62551 33249
6 73834 18934
4 25467 23506
5 33306 6696
7 84613 82751
6 33149 17024
6 60832 97968
10 37887 45581
8 61419 97724
8 15917 2226
5 8267 51334
7 50582 9604
4 93859 13121
6 82434 41155
9 47477 17226
9 2637 92189
7 21613 73502
9 24443 62113
10 94286 17252
10 88132 4539
2 59546 98113
8 48561 92452
5 31545 74055
3 34716 47506
5 5225 95733
9 21540 4779
3 25944 70533
9 37222 38016
4 74120 38828
5 39626 79428
2 9564 15669
10 54909 30176
1 62202 62364
3 77013 57988
7 70917 8755
9 1787 60722
1 72917 63121
6 75624 9591
6 15891 54905
6 71321 267
7 92269 82155
2 23615 54517
7 40688 10001
8 75624 14864
10 9595 1310
9 92170 33482
8 25063 35284
9 58888 66223
6 67287 32938
5 21452 5963
9 5273 32581
7 25067 5773
10 85973 78675
8 96754 46214
4 19787 76711
5 74721 59505
9 94378 2779
5 79595 2683
8 19086 26561
10 3495 45134
2 98715 18543
10 53959 25067
8 50503 17098
5 89478 26269
6 67268 75613
8 1984 55142
5 78597 65319
3 91010 13595
6 55186 68022
1 84031 94374
8 89024 74617
3 55199 3405
7 34644 15751
4 76441 65258
1 46674 69847
5 50450 55915
8 45179 64609
1 11616 20694
4 17067 87384
9 20637 70934
7 86645 81649
7 8118 67312
2 9868 52507
10 12257 52430
8 62675 53851
8 97702 65057
6 22824 39596
9 31102 1159
9 35569 96055
9 46363 84923
7 48903 84700
6 57396 76040
4 94576 26546
10 86856 59325
5 78900 26031
8 67036 18846
8 28283 20338
8 4474 35965
8 64208 93121
1 11384 78784
5 14702 98684
3 23398 23483
4 14659 59630
3 49107 57568
5 15296 56785
9 7510 71391
3 73548 48456
3 74838 32004
6 99197 29242
8 34395 63784
4 20359 86842
7 64670 63009
9 27850 89228
1 17078 72833
8 89642 98239
4 61658 41293
1 35089 31936
10 13893 72723
3 90676 23045
1 32565 78867
9 46378 82971
3 90977 54858
6 89462 32486
2 266 66781
4 62511 48876
10 58599 56726
4 15934 35889
7 39329 58904
5 20121 68429
1 19481 44522
1 73407 41061
4 50681 15746
1 96504 31405
7 50848 32358
2 32930 16365
3 75077 41557
6 26090 47951
6 79708 91066
4 98149 31147
2 40769 73625
2 64530 2000
1 4398 53644
1 93473 12161
10 28904 31444
2 29810 2615
5 71011 60622
9 4470 95768
5 10088 31259
8 19822 68043
1 60316 25350
6 87254 7653
9 39289 76031
1 7379 56646
5 84665 21230
9 23452 8430
8 7574 26194
4 87712 57702
3 8750 29947
5 13747 89565
8 30903 25843
3 75816 49398
4 20988 1436
6 59317 13506
7 76407 83459
7 59033 80546
2 28599 20834
3 6506 3467
3 41593 57044
10 90026 89546
2 47927 3585
9 76298 88750
6 503 93955
3 69647 89498
7 36462 13886
1 9112 42727
6 49278 2711
5 34144 65779
3 97846 57950
1 18812 9544
5 57907 51697
5 63798 19717
8 87576 88716
6 225 33296
9 21086 61018
10 83395 813
3 17508 93019
7 16995 40385
10 52425 30022
1 26386 55205
7 82671 91910
5 431 70588
7 39932 26991
10 55352 49122
2 8007 8481
7 32888 80174
9 15187 72437
5 70612 31691
5 72652 3728
8 81276 57315
7 59364 86577
3 42244 32198
6 3706 68781
4 78283 36792
6 60810 79531
2 77897 20649
8 70704 18062
1 68385 60094
1 62381 44663
9 42619 20644
5 22737 22562
1 3563 85796
6 54221 56694
1 68409 20075
3 40863 20651
4 91171 17912
10 24126 58411
10 13238 70151
5 32091 55452
4 58932 98323
6 28443 42946
2 78000 93722
8 6581 23314
2 72671 9457
7 75371 56978
10 16456 45472
10 68152 99294
1 71259 6704
1 78993 70105
2 18927 98864
3 30106 69945
7 10741 31910
1 72578 8289
1 27308 33990
4 49869 18753
9 74759 60551
9 3489 49227
8 33886 77482
3 95139 36810
4 60135 27075
1 24362 26712
7 49315 52304
7 34486 39852
7 31365 37420
10 71601 12237
2 27404 46018
2 87276 9973
6 64825 39380
9 64509 43157
10 85569 44287
6 96844 85287
3 4792 82530
8 78844 89326
9 3914 20056
2 85619 4973
9 41800 10439
1 63400 72315
1 35665 13177
2 54267 59456
10 57317 81868
8 62959 99929
3 15322 84240
9 45087 3931
6 6148 70067
4 36957 55890
10 94499 24972
1 629 37709
9 18837 65417
9 97898 33256
3 43966 43249
2 40874 68229
4 65362 34635
1 32784 32285
10 60986 80346
1 1983 7511
10 842 8169
3 73428 43304
2 83738 48633
1 73519 21010
6 62192 56022
10 45037 61043
7 14909 4174
2 46094 39189
4 85219 97388
8 55285 87420
1 28171 60797
5 36015 54172
9 45887 34108
6 47769 50614
5 83065 95224
5 1382 3358
4 70415 11891
3 32099 43243
9 87875 72732
9 32838 10568
2 3025 49778
3 76776 16853
3 81403 54585
9 8578 28218
9 79861 15338
6 6775 23472
4 4178 91479
5 84812 51972
9 72341 84658
6 84750 11404
10 87824 81077
4 21505 71101
7 16830 13448
1 48314 74916
10 28912 41549
5 97284 50319
3 8732 46338
6 50671 20743
2 15082 22066
10 13219 61415
9 62180 75976
9 55409 71476
3 17819 44131
5 63014 31061
10 45495 72806
8 35420 41592
9 67433 93493
1 23761 10788
5 68095 33864
9 4886 59777
6 2440 21252
3 48351 7400
2 10371 20734
2 98665 79422
