1000 767
7 94100 42118
3 80347 89651
2 10824 74732
1 20620 55991
10 71413 86490
10 27908 74153
2 32286 16017
5 40537 6245
4 14724 63461
8 10152 96860
1 39624 45335
6 76107 25968
9 21932 56122
7 44320 2371
2 28639 11658
4 88126 90752
6 79074 52029
3 19385 74976
2 38084 9543
8 15004 18230
10 84803 45492
8 78430 44960
4 94323 95820
3 33090 45403
3 38574 34309
10 91308 17897
1 15107 62293
3 58208 95486
3 8368 55421
3 78974 57555
5 32013 35840
5 86097 75166
8 3819 80014
2 54423 89915
7 82561 50194
1 64583 92013
10 32768 91242
4 12951 15478
2 45174 89798
1 3201 10793
4 40472 96297
3 63352 89239
9 44896 74352
5 172 73142
10 84699 95543
9 67239 5452
1 22826 81241
2 90623 2624
1 37459 3123
10 44601 53901
10 25417 65155
7 63374 36029
2 97350 45869
6 29951 49588
9 76 77688
10 8019 13123
7 58277 35281
9 68694 27111
4 22861 62320
10 59882 58744
3 87679 70766
3 83976 64746
1 62324 17450
4 61161 991
6 82994 56946
8 40269 61278
9 93007 11682
5 55759 98598
3 23167 21607
9 16916 25464
7 22414 93749
5 76376 36594
3 43450 23104
9 38516 29066
4 93496 26888
2 33922 15667
9 7897 11969
6 87311 74561
6 8808 14268
10 11045 66270
6 23797 30752
9 28997 64198
10 76546 9083
6 82083 90414
1 21688 95837
3 18718 41557
9 40007 45259
10 38590 66550
7 95089 88512
4 84589 61765
1 95336 24628
8 43098 38530
8 28334 71868
8 72127 89760
8 95142 50301
5 59146 76527
2 71066 20096
9 48117 57816
8 91922 94343
9 81899 84289
6 24506 89945
2 80571 59545
1 30357 43574
10 55495 96887
5 90296 77747
2 52244 59566
7 14469 19481
6 45146 69989
9 31982 98079
10 51093 82155
8 21979 66252
8 91522 82036
3 41189 84021
8 17470 4622
3 74329 53093
6 20098 24194
9 39722 68548
9 18023 97211
4 36018 62909
8 75971 66701
8 68684 27516
5 4479 8854
3 26990 92630
1 18951 68634
4 98054 58356
3 51240 43104
1 72702 91932
5 5033 76521
3 65674 47166
4 22049 77669
2 3142 89634
7 90543 1255
4 20301 78675
4 68169 7674
1 18034 854
3 35134 9273
5 19188 90417
5 82433 2770
3 96718 5597
9 7498 48973
4 76677 87077
6 31705 58616
7 20977 52992
8 87670 5679
6 25659 99423
3 67574 81216
9 89598 64016
4 20145 71360
3 22878 15244
5 32651 32626
4 43077 24126
10 33194 18864
9 21231 65156
2 18711 53002
2 2014 42194
7 60274 64092
4 31308 21022
10 96926 78409
4 60854 46085
9 58580 14593
1 89132 57766
10 99745 14865
5 74251 14182
6 37649 38771
1 13968 65859
5 56755 9112
10 92534 6043
5 12888 62849
4 35970 97978
10 74112 3177
5 80171 54293
7 66551 74702
3 51306 7366
10 28322 42329
9 88054 81893
4 77150 52217
3 75356 18977
10 86871 36750
5 64304 57003
6 187 87417
2 13122 28263
5 74885 1001
2 81588 92372
4 27879 41617
4 7487 44244
5 89525 50998
5 40595 95426
4 46515 67186
6 85291 95178
2 18065 40450
7 39856 62061
2 85251 37346
8 65028 48000
2 56250 68951
2 5547 95507
4 16903 13475
1 39818 11829
3 16526 84454
5 5145 95045
9 41687 79752
5 24787 89
9 84491 77573
4 16452 98565
1 95076 96805
6 6133 66049
8 54444 43717
9 81085 45472
4 56792 77560
2 83715 3485
10 93559 1246
1 83827 85573
9 64736 2440
1 11490 82093
5 42754 5276
1 34014 20767
2 85595 1552
2 94535 69794
1 60031 28009
3 78626 31239
1 93481 68538
9 86187 24177
8 66913 30513
2 23923 93100
7 20740 33528
3 14262 7982
5 90424 64799
6 95593 85666
4 11183 40441
2 132 1722
4 4211 2536
9 74017 31782
9 28366 77167
1 38846 17953
4 92310 37737
10 14582 50526
2 12484 11062
5 26955 26773
8 26583 16349
7 88110 64091
4 79432 71924
6 13677 32695
3 55167 28488
6 1710 9186
4 28379 99485
6 13848 16869
1 17222 25223
1 68166 43041
10 69584 57963
8 81894 32782
8 49518 37644
4 67879 22686
9 26591 94459
1 92571 61633
1 55556 3871
6 86861 45805
8 70695 17643
9 2950 47698
2 43553 21709
7 82408 75937
6 67357 40607
5 43926 89188
7 1009 2151
9 52691 74862
9 57115 57441
1 52556 55022
1 71293 24829
3 20242 95699
8 98271 57016
2 14605 81021
7 39484 86265
4 2258 17727
5 42580 25076
3 40469 3302
8 75367 66977
10 9111 16941
7 67802 52600
3 84300 61435
9 25765 38796
10 22035 94054
4 28280 28548
5 97430 89708
10 45309 13729
2 78446 10077
4 12029 365
1 87279 75081
10 71797 54156
4 95303 23476
3 92804 18249
1 4570 80368
5 84202 41793
9 39563 40582
2 68679 14435
1 46179 22164
4 96840 6139
3 43719 66407
5 35119 34801
4 57332 57519
10 48904 73292
2 99571 49352
2 23921 54581
5 76753 90189
2 46895 17355
1 70011 17355
6 40999 44845
2 3141 80490
9 51205 88191
8 67852 12519
4 72204 26357
5 42543 989
5 65080 76278
9 51681 31654
9 80148 9834
5 66932 27125
8 40340 63214
9 47356 62053
9 37837 16164
6 78653 90220
8 40690 67677
6 22620 24192
8 38711 80593
4 32563 29265
10 19655 83209
4 32706 68542
2 27128 15669
7 81223 39358
3 43065 63223
6 20298 53753
4 37286 65130
10 42505 28679
9 69127 76683
8 34931 43340
7 83666 72907
9 10688 20831
5 10058 98216
10 55392 51936
9 63671 95175
5 70857 73383
9 36710 24369
7 14995 39953
3 40587 30684
4 19053 67357
5 46714 77975
9 96713 66925
2 94320 48947
10 36557 3959
7 58613 49671
4 91669 4689
6 41680 35428
4 49218 67952
9 87134 1849
6 31234 98881
5 50114 27625
4 48485 46012
8 37679 65380
1 70779 18941
5 49380 32212
7 30422 89689
8 5155 98466
3 43192 26593
4 57957 23828
4 30468 56128
2 25958 23423
1 88265 17751
2 46567 60777
8 97972 79601
6 58995 92541
3 39244 10633
8 53648 87872
4 98583 75182
1 56346 99767
10 13111 35297
8 97483 69447
3 83219 88296
5 40677 28552
6 57678 8979
8 27176 17314
5 36735 74769
9 59735 10513
6 87071 35474
7 14044 27771
9 65475 80880
3 82224 9339
10 51229 21289
7 27239 29615
6 17093 67528
4 9501 67754
6 55105 74170
3 99672 51283
7 75865 99143
9 19375 90203
9 86288 95795
6 8568 12727
1 68734 83154
7 94325 46457
7 78800 34612
3 99912 86951
8 21068 75885
9 62575 62084
8 71593 61224
6 6370 61135
6 1405 93108
1 95282 95907
8 1451 41212
5 85301 21578
3 31347 30940
4 80999 58495
6 93824 95081
4 87968 86420
1 66082 97984
8 38164 26954
3 39765 90366
5 20924 695
5 87823 39607
9 33566 8449
8 70735 41467
2 22087 56137
2 92979 7441
1 27872 31192
2 84053 61164
2 51165 86591
7 98106 82640
3 72909 65642
4 38983 1586
1 51176 3256
3 10899 26372
8 26804 15997
1 51610 36723
3 88938 45816
3 99533 58263
5 1169 80136
7 85436 37202
9 47815 63742
1 53585 17719
8 31393 28107
7 36387 37633
6 30763 6619
1 46339 3533
6 87255 60843
5 4676 60878
2 72298 38053
3 19436 5978
2 62708 38661
1 55113 39040
9 85209 80277
1 42449 24264
3 61165 37453
1 82516 67177
3 40072 78664
9 45533 36381
10 45630 3032
3 47962 65991
4 43035 26798
9 5108 66925
8 527 66018
9 37460 47988
9 19076 64953
4 59979 53281
7 21945 74878
2 94447 65806
4 1112 8832
1 59138 43315
6 99879 57011
10 83008 80244
9 1747 88574
5 500 93172
9 93556 73065
1 39684 58340
6 44506 71996
6 40861 10856
2 58357 27866
5 80570 57546
4 27006 38076
6 49059 85986
8 12055 81195
8 3957 86855
2 37378 10909
8 95135 74596
6 72681 98692
5 39523 42383
6 63328 87252
9 9666 82064
10 37154 44310
9 41674 87802
2 45760 61119
6 79432 30649
4 73405 84434
10 28351 17858
3 90154 96620
5 26169 27526
9 85157 48979
6 39986 2313
8 82678 52987
9 64377 25483
5 88528 26309
6 16218 35331
2 56749 99201
3 48283 74071
5 46346 92285
6 49829 53487
3 53775 99029
3 45349 54783
3 29969 80174
2 64553 79632
10 35572 95718
2 9863 84400
6 62429 35702
6 59014 4955
5 55907 3482
10 53779 62347
6 62767 7842
3 39750 26611
9 20664 42201
9 56073 16608
1 58274 97364
4 5779 1198
9 68755 22192
4 88459 32097
7 83916 46339
8 77674 45420
2 49815 26749
2 65351 29355
9 13396 43972
3 65594 23642
2 25756 92304
1 8649 36090
7 23685 33809
6 56792 53822
4 99918 67522
6 82239 66517
4 56685 12046
7 81932 40913
4 64932 52099
5 45951 38283
3 83076 61595
4 92956 84188
10 81398 9980
8 94611 16400
4 5376 23802
3 1573 88161
3 75930 1072
1 16690 72134
6 84987 80549
10 71802 17345
9 118 21112
4 22652 83138
2 40055 92825
5 62509 86306
7 7074 30499
2 69215 95004
5 43590 13545
9 36980 61890
10 75119 55334
10 97002 6369
4 82731 12673
10 81593 57204
7 50545 25473
6 88444 17812
6 50153 51703
3 9206 17644
2 75503 63990
8 47913 36147
9 13482 15328
9 13519 40160
1 28666 29261
3 55448 21421
1 67273 81508
4 7788 21524
5 33532 81373
4 41034 42330
3 58016 38161
3 38459 2963
4 97153 65538
5 75200 44134
4 49130 60717
6 69133 10117
4 23274 63536
7 76766 71501
6 87723 77570
7 50122 72301
6 6289 25655
6 8206 4222
10 3178 38845
7 2044 39601
1 69108 96827
1 46717 45715
2 5080 800
2 9735 67450
6 85554 38805
2 28823 63778
1 70929 72696
5 41241 96790
3 94363 81831
10 83044 83785
2 83874 38674
4 9864 43630
5 77619 8730
4 72780 13342
10 46106 56408
1 15346 12551
1 38684 26523
9 76990 97055
10 89878 58182
2 21037 86779
6 82966 76500
9 48054 74682
6 43351 79139
6 88011 13622
1 18880 37280
5 6585 44533
7 12241 26556
5 94803 57428
5 55466 71123
6 96969 42259
2 72912 6725
2 73959 91635
8 58089 70676
2 40250 69039
9 56464 93637
6 39118 32003
8 99902 68911
4 73716 64623
5 31287 88729
7 35908 16349
8 13632 59401
5 21760 1347
6 29914 29546
3 63095 16462
8 4158 37111
1 23731 66736
6 16006 39343
1 48058 77107
2 33087 24252
6 84034 71492
9 77562 53570
5 85552 53268
2 18702 21157
2 44126 14836
7 49291 80334
2 13003 80499
5 91439 45147
7 85534 11267
7 47408 27874
4 83742 58077
7 94471 39364
6 96438 39868
2 78627 55004
1 36964 43703
9 36920 86010
3 71078 15523
8 56273 6238
9 80999 87932
1 87817 71552
5 13916 72598
2 78870 60607
2 5811 47390
7 74841 1630
6 92930 3594
3 51346 44753
3 55493 26408
9 45576 48311
2 83788 68699
5 41964 73051
3 78318 86604
10 8989 49163
3 68344 37357
6 70311 91304
1 35168 74587
3 83447 61363
5 70079 69808
8 68899 31500
6 96247 41852
2 81840 72038
1 7848 79937
9 98745 34402
2 11021 79570
7 85408 17194
3 48571 59965
4 51854 46173
5 30143 76778
10 36261 42688
10 73693 40009
2 1729 32290
8 38221 36424
8 94711 53362
7 96467 45979
1 9709 68716
3 53058 76715
6 58968 52857
1 23936 80170
2 28495 65739
10 88356 69454
10 58079 86201
10 16515 87272
7 39076 1709
3 48348 106
2 66557 3407
2 90208 20356
6 80816 78966
8 39169 97790
5 54391 59025
5 33918 67938
9 86541 40087
8 67542 54641
8 67957 22950
2 3196 81696
10 3945 52077
4 62559 20974
2 45848 5029
10 97202 35990
8 20160 59182
3 600 3951
4 87976 25383
2 26944 72111
9 89550 29201
3 28986 72464
9 46897 42633
1 84894 22930
6 45738 93892
4 32086 70300
2 97039 56988
2 91917 8115
6 42021 84580
3 33194 20059
10 59229 88813
3 76981 52029
2 8344 48208
10 85436 61973
9 58120 75057
8 9506 31841
5 34699 49701
6 90280 53917
3 77086 421
5 61604 54097
5 26358 78204
1 15028 4547
3 91640 60504
2 92649 49585
3 61597 82133
2 3630 74066
7 89508 93003
7 55349 79212
5 51289 79942
2 22688 50011
10 71309 51176
7 39908 14668
3 53276 62269
9 39182 52359
5 53333 53935
5 67616 79956
5 71508 83309
8 69770 2078
2 62428 29011
5 19266 18434
4 32716 14084
10 46015 80507
3 3522 4347
6 16968 70984
4 98703 39321
5 40578 27494
6 40357 78009
7 44909 66532
9 19359 40940
1 4823 28943
3 72173 57423
1 14238 84775
7 13895 41606
3 73404 40365
5 30843 23362
3 88711 82956
3 28033 65759
8 54755 90607
7 52507 71680
5 42320 15038
7 34821 83467
5 95593 51597
10 95899 23909
2 13830 45844
5 21353 23105
7 4362 30243
1 21402 66016
6 80485 98113
2 44607 41015
6 87688 7524
7 46883 84754
8 35625 29428
1 60870 58543
9 35079 31068
6 93427 59674
10 85498 67083
9 8124 2388
5 68688 51092
5 65546 71005
8 83383 22572
10 19723 6453
7 22351 33567
2 84733 71952
1 89690 62678
5 78948 61502
7 89671 71876
5 61395 26952
4 85065 14493
6 43094 58169
9 47292 95514
6 93748 91787
2 20246 9672
7 94788 29636
1 11125 47147
1 17505 3782
4 3184 15884
10 78508 48338
9 29592 59117
10 31820 5040
5 32864 44512
6 24557 12954
5 26399 93037
5 23875 23960
1 94641 30992
2 9539 15931
8 53045 11373
2 69531 43128
6 70495 50927
3 49426 6477
7 4365 6609
1 2864 95636
9 32089 10473
2 21275 9215
1 35845 99077
1 73221 84450
5 72092 86742
7 16467 29386
6 35746 18854
10 35012 23609
4 93788 33136
4 50655 59682
3 90826 19801
9 6631 48956
3 68662 83073
10 80592 93363
5 79781 85094
7 6623 94947
1 60336 24998
10 35372 21783
7 28288 3328
5 17809 51402
8 21554 30314
10 55153 97044
4 6296 55758
9 61542 48412
7 62033 13081
6 46973 95772
7 29808 97073
6 47423 42615
10 78151 73222
10 92449 7725
6 40238 24271
4 79053 8963
10 7446 73747
8 87896 85315
6 39187 19687
6 64001 77136
4 2385 93315
2 67838 63394
2 33156 21341
8 13163 84256
10 28801 63792
4 6789 12684
10 44831 13428
4 72044 87819
5 61656 76584
3 21575 42892
10 18742 36655
7 51688 81882
9 85319 47728
9 96664 49977
9 5658 10321
3 48842 49890
3 18198 16963
2 31763 99363
7 48538 39488
10 4936 67148
8 75474 41754
2 11326 80518
1 53361 84917
9 61274 28135
5 30241 74591
5 81871 12739
3 22121 12679
5 74066 52040
8 25364 68064
2 5948 18450
4 86984 4187
3 41396 41284
4 47033 51673
10 39375 3174
10 35576 99555
4 49710 33343
2 13752 98294
1 32575 16725
4 38171 50745
9 75809 35291
9 18425 98067
1 89492 42281
3 84071 41444
2 95375 89376
6 81851 11572
8 31041 58092
7 19667 83294
4 83386 97381
2 80787 68352
10 85640 3040
5 47417 42899
8 40408 96812
3 95725 77313
6 13327 35120
10 97722 83042
3 20378 81989
7 62334 46788
4 53220 21386
9 58539 90377
8 16853 967
7 18378 6019
10 85668 77070
7 5047 26559
4 17019 87609
4 12498 17572
8 94909 45453
2 69936 22529
5 25938 54635
10 6698 47795
9 88967 10119
8 35965 40326
5 4472 53181
3 33774 73896
7 58373 24459
10 74701 7509
10 7857 64010
10 37987 26753
8 57608 2084
2 70907 54419
8 58882 81134
7 96539 85158
3 13259 57686
1 62999 96920
1 17546 25016
7 13165 78926
9 16771 82568
5 35501 20952
7 86367 22010
3 6210 13488
7 41049 91526
7 72616 9751
3 61697 42909
9 12004 15242
1 98025 33814
5 35082 77624
8 85215 54574
5 54756 41337
3 19547 8576
9 97862 59810
9 19284 74765
6 78625 19230
4 83947 31465
1 30191 13947
9 13079 54688
3 84223 97004
5 48685 98209
9 5751 60715
3 68726 22256
1 4508 49738
1 15718 20480
9 70954 93855
10 35114 67908
10 17823 47770
6 2136 22449
9 57449 28502
2 12969 20046
8 12127 48654
3 68886 56619
4 17888 62052
2 67503 16276
2 94901 47208
7 67548 65032
10 20631 73423
5 24357 28480
2 29738 40617
2 59637 15831
6 10771 85592
7 66536 70544
3 17058 58390
8 26676 12463
4 75763 99379
2 88738 58980
2 94539 49834
9 20297 26750
9 14486 14882
8 92971 59131
2 51626 60024
4 5991 92221
2 75090 3117
6 3474 82836
