1000 538
6 14409 88632
4 60929 49229
4 43250 92175
6 5529 39544
1 51509 94006
7 60630 74678
2 64354 9999
1 34136 39892
5 48234 18466
9 38811 22337
7 77584 34283
4 73459 72295
5 78993 29927
7 12921 84132
1 69850 83857
2 41702 80062
7 78145 16860
9 90929 12331
6 94316 42348
7 13987 70358
7 13232 44004
10 83535 21983
6 77616 24125
4 62417 23222
2 70823 980
1 33999 7658
6 50340 82014
1 65413 34131
3 65581 40887
6 6634 66868
3 21267 36478
7 97430 40462
5 14367 65359
6 54109 37467
4 97292 82667
4 20689 35279
7 27310 12114
1 98480 28247
9 22269 4066
5 20995 64506
1 2126 17157
10 30900 92151
2 36432 47185
1 9985 90797
6 31904 14214
7 78115 5316
7 91996 33334
9 30073 17649
4 30994 4204
4 18226 76405
1 81557 56899
9 51441 31748
5 20372 82110
9 50681 57455
8 23184 62180
9 26621 6915
10 47790 56271
8 80370 52384
3 9568 92404
4 17819 51991
6 97449 97949
4 64402 25234
2 63234 78604
7 40776 38163
1 30494 15520
4 1876 31302
6 527 51052
2 57734 64758
1 75004 96248
1 24826 92188
6 55498 9471
10 28708 59864
1 35781 30060
4 89837 63250
8 58180 17556
1 82954 62873
10 44591 44435
1 75111 58760
6 84163 89940
6 13902 76005
7 73382 13825
3 44168 57590
9 54119 638
1 36051 20200
5 72053 43500
10 95497 16850
1 55438 62043
1 21749 50379
5 61848 79642
3 36949 57377
7 56360 14323
8 49723 27603
9 47542 25285
1 8451 15740
2 48670 72523
4 95404 58761
8 81218 17764
9 31486 30668
2 93264 96606
2 46212 50661
1 43724 16807
5 2936 25251
9 56763 49735
7 16779 79996
1 54249 22650
4 6483 58364
5 32562 72422
2 34297 12731
6 77174 73323
1 78732 9124
7 43334 19938
8 38335 89841
7 6234 60441
5 2803 416
6 83140 20614
9 72533 89311
7 32332 66084
4 21460 48402
2 26616 81597
3 78525 77181
7 6853 16146
2 68428 32955
1 6969 46058
10 38728 19046
5 94119 84374
6 22280 41781
5 2375 43012
7 8437 6593
9 70531 58756
10 89744 51613
8 17931 44962
3 12166 97482
5 369 85128
8 37451 74787
3 82379 2983
6 39562 37514
9 25622 2887
5 91146 48148
7 73693 86048
10 90916 61654
3 83032 23841
10 43705 63072
1 67182 5920
8 27320 5506
10 68850 37185
10 38288 24681
7 25673 74913
1 30817 97484
1 28865 7722
9 84758 38168
7 7970 94390
4 18305 17436
4 74002 13727
3 30523 8742
5 5967 76251
1 75564 65190
1 17096 7247
10 42925 87963
8 9769 7501
9 64192 63166
3 16346 89590
5 68454 57395
7 22040 72105
7 57691 37171
9 75794 89217
6 3364 12157
4 86939 96404
9 11354 89566
6 47787 89903
4 61595 24400
10 11194 12316
7 97589 96393
5 6205 37971
8 49510 63327
1 53378 14585
4 42649 79567
6 23017 96319
6 79880 64486
7 36782 2685
1 18653 97841
6 12520 65544
6 13926 26204
8 12705 38642
6 23996 43834
10 29004 69670
2 75416 10296
7 31294 54559
4 44632 76008
3 65282 94468
1 56744 32035
9 8969 12113
4 24778 16049
2 3700 55068
10 14196 79725
8 22665 27865
3 64512 90417
4 32977 75671
1 37242 31769
8 57918 99757
7 88311 36366
3 1685 30492
9 19403 58112
6 65172 22833
2 82610 59599
8 56125 63066
2 22673 39038
8 70699 84933
8 32483 29212
7 54090 36495
2 64380 63966
2 5186 50309
9 61777 75614
9 977 75889
5 73576 57546
3 14101 16821
3 20898 96545
5 21244 94950
8 43631 32188
6 77076 50682
5 94517 73110
6 27661 69430
8 89051 43961
8 30444 77686
2 27028 50285
7 71474 12116
7 9537 81228
8 36732 60771
4 65098 89775
9 22074 17106
6 82997 25212
6 36571 57590
6 79553 61990
7 94291 5512
10 46682 44957
4 5926 22736
10 97768 91253
6 54438 55724
9 13377 2462
3 47294 3959
9 81238 18094
1 82225 92994
4 20234 67382
4 88596 23514
9 13489 98084
4 92020 56945
7 53408 70297
8 18837 13771
2 7219 35189
7 66733 11280
4 62190 47493
6 1613 62211
8 43622 52759
4 59615 2349
8 29064 40969
6 62110 24923
10 42891 79028
9 50449 44210
10 56870 77000
6 51272 6175
5 38072 72567
2 30877 20207
9 57582 14281
4 42059 74033
6 69433 40148
8 54936 31089
6 10628 27747
5 4771 8390
4 43961 70358
4 69383 27709
10 27411 24787
7 62361 32555
6 8212 76126
2 43851 43619
2 44029 55690
10 48449 52682
9 24582 7197
5 62435 8922
6 65411 68490
9 43062 56257
2 16841 18910
4 74710 90294
3 69027 27385
4 53795 47522
6 12347 88456
3 13543 53888
8 99019 96755
4 76361 85187
8 53375 69830
7 25663 97523
10 44762 83456
6 86007 20610
4 29807 33171
7 18587 67155
5 9687 67702
5 97124 12567
4 28962 3714
5 14931 71151
8 59551 29807
9 19351 13451
5 56832 78537
5 52136 17393
7 72429 31372
8 4746 54545
1 72218 35185
7 46304 42358
6 19104 31402
2 62531 6066
9 50645 57624
6 47483 99743
9 7806 9610
2 69859 4181
6 81838 87473
6 45363 53039
3 15349 65623
3 24696 28028
10 68719 5179
5 86967 12295
1 72255 59229
7 16851 1533
6 18268 62627
5 95233 8342
4 61381 82581
7 37424 18659
6 73698 20000
10 12436 20101
10 65610 12621
5 36871 18626
10 49061 27552
6 85161 71040
4 13263 12718
7 95757 20797
6 30006 83333
8 70810 43713
1 56598 54399
10 14665 60213
2 77967 4850
4 51512 25838
3 23826 55186
8 27508 12951
6 61673 70535
2 56898 54317
4 53822 5586
7 9379 80656
3 75049 35255
1 79491 72376
10 28776 86630
3 79663 78697
6 76828 29788
1 63331 974
9 22953 62037
4 72756 34504
9 11707 82282
4 19473 95033
6 54416 89794
6 83485 40987
10 15026 31014
9 17432 5793
9 62477 25227
7 84000 54109
4 21402 91648
6 68726 8496
8 61284 45472
4 70040 81272
1 11348 26286
8 67749 38010
2 3726 25895
9 26380 50827
4 2148 13162
8 23610 3998
3 73625 94264
7 13476 54052
8 27865 83163
6 1707 26068
6 98406 84659
3 76698 69484
9 69445 53092
5 79394 2601
8 21037 29313
9 23304 78164
6 88697 22898
1 89218 82802
1 54790 70019
1 58795 13195
5 10144 11866
6 34397 71164
3 40410 72607
9 76487 68850
4 92611 75104
4 85620 76695
7 12269 83408
8 86974 58420
1 31762 73172
9 92932 80526
2 53608 60933
10 4531 99188
5 17942 88204
6 71507 79722
4 85137 97114
1 26649 32516
5 48037 79612
5 63213 64568
10 79184 57212
9 83864 5078
8 54257 15823
6 1739 73227
10 58413 21752
8 22401 70582
4 73057 12263
10 62685 302
9 56279 87044
8 90600 65823
5 75089 17510
1 77338 62725
10 17672 34765
2 51419 30095
4 99373 85810
4 34768 39484
3 21166 45999
5 11269 36047
10 71515 47189
3 79888 21066
6 98844 97844
7 38130 60532
4 51924 340
10 25598 76183
2 27159 40847
8 65293 73045
5 41021 16426
1 14542 69356
5 82093 31358
8 96372 71618
9 44853 37891
5 85929 82585
10 45338 78214
10 14292 45733
7 51009 89764
2 651 49706
7 71119 46133
7 47313 17631
7 9549 7978
4 74689 25475
1 14285 93526
9 61367 65380
3 43256 42342
2 9598 89316
9 82175 86773
8 84801 41420
1 66268 68311
2 95029 82727
7 1803 47982
1 23640 98198
4 24956 99161
1 25887 73999
8 68914 35350
4 66765 72280
4 56446 30216
6 48547 55685
4 96590 3342
6 93956 14761
6 22421 93043
6 74891 46536
3 57357 30881
5 90080 87151
8 74643 99421
4 67965 95825
6 33260 36007
3 19159 74582
1 19082 84698
8 46016 30166
3 14747 52759
3 55456 57484
2 63125 50460
1 14222 83237
10 90104 88969
6 79077 60822
4 46059 28455
7 78310 67006
7 8665 47073
3 19792 46620
8 5674 30799
1 22855 34958
5 76970 69971
6 8185 62211
2 13660 6532
4 81000 4845
10 76057 43686
8 43987 19992
10 88623 567
6 9404 94334
3 90203 77872
2 33560 41800
9 23124 77289
10 5722 62415
8 36929 62409
2 77487 14939
4 68741 68610
6 65725 87276
7 67118 53173
7 6162 34626
9 4662 49850
5 35372 78908
1 26603 16695
2 33487 85608
4 74079 26862
9 67096 27921
8 98716 41233
6 20088 122
6 8358 54814
1 91223 52764
5 6646 48444
2 13111 26305
3 40147 9392
9 35847 23207
3 47026 35553
6 51457 80492
1 72994 60645
4 13687 17839
8 8199 75599
8 37547 6134
2 3729 34797
1 78840 30884
9 10086 72912
7 86282 46047
7 80431 555
2 4372 91096
10 52701 95525
5 24389 54449
9 34321 69436
3 47338 62572
8 10251 31635
8 99212 77032
2 5959 47201
10 97602 88636
4 19646 49573
6 16607 93408
5 46255 43274
3 11870 74813
10 67712 99089
9 13914 91658
1 30723 30785
2 39005 65741
6 25328 56512
3 84272 44650
3 90591 93281
2 39369 28605
9 55479 11904
10 34171 77267
1 24873 48702
4 88078 70413
1 47313 25105
3 31195 30520
6 75197 14811
2 83601 33430
2 70690 77412
5 26889 8818
7 20093 57885
9 23869 77151
9 49616 56827
9 35600 93690
2 68068 2626
1 85575 2216
4 74859 35519
3 68463 40933
8 46073 54243
5 45501 14405
1 18217 63239
7 42628 18676
5 63194 19342
10 22952 32184
2 96555 31592
10 49669 55577
9 98843 7052
1 73805 94808
10 2981 8735
9 91457 81652
1 53715 78427
6 2425 28722
4 37278 87243
2 52035 72916
10 55371 25651
5 64089 35888
7 26347 65509
2 60616 63470
6 81608 92252
9 43982 33140
7 95208 99290
1 2923 91000
1 31751 57857
8 12527 52383
1 14126 74375
9 11665 11157
8 83793 74371
9 85234 9796
7 73840 69483
4 83887 48616
2 40112 72829
3 50949 42242
5 47862 27872
8 83066 23170
5 1121 69013
5 47947 46203
7 94053 16723
6 94597 3274
10 13993 3585
10 20384 75322
6 66437 40410
9 7838 81955
10 38342 54824
10 81530 41633
6 36635 7298
5 8897 30726
6 74784 86310
5 260 38474
8 63779 79206
3 48239 41494
8 1058 52895
2 84169 71934
7 94548 27726
8 93377 72148
8 93818 68970
3 64240 23052
6 48729 29962
1 48512 1898
7 28017 84046
1 42548 2922
3 61633 4966
6 81078 40928
8 80574 44488
8 57621 79098
3 91804 43803
4 51260 63467
5 57495 91951
6 38158 99072
8 53659 48257
6 17786 31842
8 84960 5338
8 777 56566
10 92836 35817
7 5891 58708
2 81967 59500
10 26763 32065
4 35429 32995
3 42658 1758
5 68719 21430
5 84966 67960
8 92582 41668
7 14131 10060
1 82690 72549
2 94707 6404
4 7925 60367
6 75195 46280
3 17521 10621
6 18483 3776
9 81759 54784
4 89700 50026
2 84832 50857
2 5744 8796
4 99017 72742
1 43505 70044
5 41206 49527
7 92720 79494
9 10705 37957
1 68824 84534
8 76505 10299
2 26159 65472
5 55235 83732
2 54282 4097
4 16148 93814
10 21138 81453
5 27889 82230
6 80216 8062
2 17685 8841
4 14759 82234
1 70498 14155
9 90066 22290
4 30219 26258
4 30458 86142
4 38368 5418
8 30930 76023
9 11401 13135
4 16184 10500
1 50005 41442
4 40303 85133
5 78300 14418
10 96079 29667
7 63134 92149
1 69698 80036
10 34036 99269
2 83049 40883
10 44750 95268
5 38256 75682
10 15435 7373
5 86280 23859
3 62712 21439
7 57955 99233
9 76533 69148
9 40005 11299
5 86078 63062
7 48616 11556
8 85329 41247
2 86296 88696
8 801 79224
9 93693 16081
3 57417 24930
2 12256 8916
8 74251 30930
2 28057 76987
1 71555 73792
7 77406 73604
10 85622 9125
6 7141 20187
6 49878 48792
9 11992 51251
2 22961 35975
9 58643 57495
1 84904 98887
6 14252 66378
1 76197 42185
10 71188 56038
2 61448 13125
10 74223 41890
6 95340 85632
5 88754 6534
9 15098 10499
10 32903 95562
5 90172 40921
8 13230 19408
6 12745 66869
2 37593 53832
9 78236 17687
1 66287 84562
1 41028 47772
7 96384 67760
8 67243 12363
8 53591 41902
10 46704 1412
8 72358 58332
2 68732 57346
6 76881 67063
7 37215 18137
10 2983 78054
3 95235 90423
7 16513 84247
3 99676 73756
9 38082 80214
9 21430 25004
9 37416 3117
2 23632 6390
5 53957 40874
2 90075 31092
2 41403 786
1 72977 91200
2 93037 66310
3 9813 59934
1 67356 79480
10 50187 27277
6 11363 5778
3 96802 58002
3 68597 66848
4 99859 84142
8 22002 18438
10 54016 79371
10 41212 3114
8 90473 33070
2 32117 82980
6 36995 97999
3 25844 74712
2 19559 46276
7 3311 59836
8 49950 651
7 55982 88719
1 15818 6102
2 63681 41331
8 88867 9377
2 71812 63369
3 2139 81000
3 84349 7587
8 92745 92997
10 12771 12659
1 46737 3144
1 66158 90077
9 10571 97208
10 92641 5301
6 3433 94603
8 38468 77019
1 58035 84951
5 82936 76387
4 74718 69766
1 71576 61047
5 19567 99353
6 79952 50230
9 11998 2766
2 8377 17525
6 32498 72579
10 39934 8399
1 29899 92315
7 75546 61168
8 80182 75742
8 94803 78432
9 14378 75701
2 98436 42255
10 2557 13548
7 6972 89674
5 71340 71892
8 9336 26687
4 75425 33275
8 10423 95270
5 41639 98537
1 39838 28539
10 74791 31288
4 77971 42736
10 31586 93503
3 63761 98357
6 94190 990
9 52077 20998
9 20797 290
8 40102 306
9 32466 72877
1 27949 15729
2 91827 17767
2 75141 1539
7 96148 97392
8 82582 15325
6 90374 73297
3 62796 1162
5 89705 48284
10 49273 56886
4 96221 31573
3 2653 68080
7 42012 94762
3 40293 12043
3 98356 51968
2 731 21520
5 30726 41641
1 25942 56413
6 49715 572
6 7007 45836
5 79745 9425
5 12766 83898
5 1315 36309
3 29750 9222
5 25392 92313
4 69866 80200
2 60561 23918
4 33723 65287
7 352 59252
9 29062 11606
10 42233 31999
9 92453 60258
1 11822 25885
4 55624 81005
7 37695 59918
6 95935 82402
7 55192 31601
10 52103 82290
7 75163 6098
4 58593 68076
3 64456 55416
10 72274 41256
8 85535 46792
6 28546 71469
10 66210 78804
4 71697 95143
7 53243 81595
3 44622 58678
9 4643 81886
6 70854 90370
3 76820 72230
4 22749 51360
8 16973 5879
10 84097 42082
1 33908 61384
3 56476 71122
1 12804 9612
9 33486 89498
9 61528 13687
2 12581 30638
2 43391 93516
6 31111 45172
8 3926 8917
9 31025 7873
2 41569 90957
5 83720 77957
5 18847 64751
4 62084 841
9 85072 28751
8 32958 40579
8 33100 73880
10 87419 53830
4 15519 24727
9 96156 39190
6 37052 73395
10 11954 56788
8 21992 29705
5 10062 85805
8 86721 43163
5 94847 13648
7 11820 90989
10 4494 44433
3 87416 93047
2 22489 4918
6 29712 3411
1 79691 96570
10 54570 91058
4 63507 96849
7 75549 71199
2 14757 87044
5 14141 2090
1 77509 37861
5 7100 89712
2 14240 11450
3 37567 37000
2 35845 62189
1 58931 25254
5 76678 56161
1 18226 97507
8 4145 137
9 85621 83788
10 42166 94326
8 81210 25161
4 56454 70623
7 85778 41707
6 20314 80555
6 30340 68062
8 22391 34127
8 34969 128
9 56255 65190
6 7962 18384
1 82130 95189
10 20130 67388
10 58464 68765
3 56449 50704
9 45223 26626
3 71568 15887
10 92649 43107
9 44627 24713
2 33579 14142
2 84060 84003
8 28632 27962
9 59013 77207
3 69209 62610
5 25951 67594
1 44398 36810
3 18070 94700
10 58629 93698
7 92000 45190
6 14290 94679
1 3354 56963
2 36742 91146
1 64045 25253
1 92448 6849
4 98738 2234
8 8329 76332
8 85178 67083
5 1029 1466
9 61045 39564
6 86627 66665
8 45380 17938
6 56333 23319
8 84682 11870
10 29449 28625
5 69587 75928
1 86957 20614
9 51902 78305
8 66652 38746
9 18676 27100
2 64749 18241
1 5002 50900
10 59918 76162
2 2332 93248
7 52389 71703
7 93449 37439
3 56494 82805
3 20609 48521
9 66051 98793
9 91410 26109
6 87199 96711
7 21408 89260
9 1334 69232
6 26961 61215
7 51753 3556
8 13103 73348
4 7373 62252
1 53821 90344
3 83263 69932
10 32111 78412
10 84337 53960
7 82090 90662
3 65631 99556
2 5149 93020
10 90680 18105
8 95394 73951
1 62175 36603
5 62174 3461
5 36235 71263
4 58545 26500
1 74441 71505
4 48908 35172
3 37003 36896
10 73284 28524
